Date,Open,High,Low,Close,Adj Close,Volume
2009-12-31,29.99,30.0,29.4,29.4,20.91,407900
2010-01-04,29.5,29.82,29.37,29.52,21.0,442700
2010-01-05,29.58,29.63,29.07,29.21,20.78,527700
2010-01-06,29.23,29.34,29.08,29.22,20.78,272600
2010-01-07,29.12,29.29,28.82,28.94,20.58,286500
2010-01-08,28.64,28.85,28.02,28.46,20.24,524800
2010-01-11,28.4,28.64,28.36,28.63,20.36,249000
2010-01-12,28.56,28.74,28.46,28.62,20.36,315000
2010-01-13,28.73,28.89,28.44,28.87,20.53,268600
2010-01-14,28.71,29.02,28.71,28.89,20.55,302300
2010-01-15,28.79,28.9,28.26,28.66,20.39,346300
2010-01-19,28.75,29.14,28.71,29.1,20.7,242200
2010-01-20,28.9,29.0,28.58,28.85,20.52,238400
2010-01-21,28.95,29.14,28.22,28.55,20.31,449700
2010-01-22,28.46,28.69,28.1,28.13,20.01,346300
2010-01-25,28.36,28.62,28.08,28.43,20.22,331200
2010-01-26,28.45,28.55,28.1,28.27,20.11,226700
2010-01-27,28.2,28.26,27.76,28.04,19.94,242300
2010-01-28,28.15,28.22,27.88,28.02,19.93,260400
2010-01-29,28.0,28.24,27.6,27.62,19.65,453900
2010-02-01,27.8,27.83,27.43,27.6,19.63,665400
2010-02-02,27.6,27.8,27.39,27.67,19.68,723100
2010-02-03,27.23,27.71,27.18,27.61,19.64,525000
2010-02-04,27.52,27.68,27.31,27.36,19.46,491700
2010-02-05,27.43,27.54,26.78,27.26,19.39,383500
2010-02-08,27.26,27.26,26.7,26.7,18.99,447600
2010-02-09,26.91,26.91,26.46,26.76,19.03,769400
2010-02-10,26.71,26.8,26.4,26.52,18.86,326600
2010-02-11,26.55,26.96,26.33,26.95,19.17,239500
2010-02-12,26.81,27.0,26.53,26.99,19.2,375700
2010-02-16,27.1,27.26,27.02,27.22,19.36,440800
2010-02-17,27.27,27.4,27.18,27.4,19.49,382200
2010-02-18,27.33,27.61,27.19,27.38,19.47,458900
2010-02-19,27.39,27.82,27.29,27.78,19.76,406200
2010-02-22,27.9,28.19,27.82,28.0,19.92,373400
2010-02-23,27.73,27.73,27.33,27.48,19.78,441800
2010-02-24,27.59,27.77,27.2,27.42,19.74,399900
2010-02-25,27.15,27.46,27.04,27.33,19.67,326600
2010-02-26,27.46,27.55,27.06,27.46,19.77,487800
2010-03-01,27.57,28.07,27.48,27.93,20.11,443900
2010-03-02,28.02,28.06,27.81,28.05,20.19,281700
2010-03-03,28.03,28.31,28.02,28.3,20.37,376600
2010-03-04,28.36,28.47,28.16,28.25,20.34,321400
2010-03-05,28.42,28.68,28.29,28.6,20.59,327100
2010-03-08,28.55,28.71,28.39,28.61,20.6,224000
2010-03-09,28.51,28.63,28.27,28.45,20.48,381800
2010-03-10,28.5,28.64,28.24,28.64,20.62,388500
2010-03-11,28.62,28.77,28.47,28.72,20.68,223900
2010-03-12,28.86,28.97,28.58,28.8,20.73,373200
2010-03-15,28.7,28.9,28.55,28.8,20.73,188000
2010-03-16,28.81,28.97,28.71,28.91,20.81,169300
2010-03-17,28.91,29.17,28.91,29.07,20.93,210600
2010-03-18,28.99,29.24,28.96,29.02,20.89,135600
2010-03-19,28.95,29.19,28.69,28.95,20.84,425200
2010-03-22,28.85,29.04,28.72,28.95,20.84,225500
2010-03-23,28.94,29.05,28.77,28.99,20.87,240600
2010-03-24,28.93,29.09,28.81,28.83,20.75,297300
2010-03-25,29.06,29.06,28.37,28.38,20.43,244100
2010-03-26,28.35,28.49,28.17,28.31,20.38,223900
2010-03-29,28.33,28.62,28.26,28.62,20.6,400900
2010-03-30,28.56,29.06,28.56,28.87,20.78,461500
2010-03-31,28.9,28.97,28.57,28.57,20.57,367100
2010-04-01,28.79,28.98,28.71,28.95,20.84,209000
2010-04-05,28.95,29.39,28.94,29.39,21.16,200700
2010-04-06,29.37,29.68,29.32,29.64,21.34,357600
2010-04-07,29.5,29.66,29.29,29.54,21.27,414500
2010-04-08,29.39,29.39,29.09,29.13,20.97,210800
2010-04-09,29.05,29.34,28.87,29.33,21.11,303500
2010-04-12,29.27,29.4,29.1,29.22,21.04,233600
2010-04-13,29.13,29.18,28.89,29.04,20.91,368200
2010-04-14,29.03,29.04,28.8,29.01,20.88,233200
2010-04-15,28.92,29.36,28.87,29.17,21.0,342700
2010-04-16,29.12,29.3,28.96,29.22,21.04,290700
2010-04-19,29.19,29.2,28.87,29.18,21.01,313400
2010-04-20,29.25,29.39,29.1,29.39,21.16,383300
2010-04-21,29.44,29.56,29.29,29.4,21.17,319300
2010-04-22,29.28,29.55,29.22,29.53,21.26,122000
2010-04-23,29.53,29.99,29.47,29.98,21.58,253500
2010-04-26,29.98,30.15,29.85,29.91,21.53,258200
2010-04-27,29.92,30.03,29.44,29.46,21.21,291300
2010-04-28,29.58,29.82,29.43,29.76,21.42,273100
2010-04-29,29.94,30.0,29.7,29.79,21.45,409800
2010-04-30,29.78,30.08,29.55,29.58,21.29,268000
2010-05-03,29.61,29.92,29.5,29.84,21.48,291100
2010-05-04,29.59,29.69,29.0,29.29,21.09,373200
2010-05-05,29.15,29.42,28.63,28.79,20.73,507700
2010-05-06,28.55,29.0,26.25,27.77,19.99,865800
2010-05-07,27.7,27.86,26.94,27.33,19.67,654900
2010-05-10,28.14,28.14,27.71,28.13,20.25,514400
2010-05-11,27.9,28.84,27.71,28.55,20.55,311500
2010-05-12,28.55,28.97,28.32,28.86,20.78,231000
2010-05-13,28.76,28.99,28.62,28.76,20.7,209900
2010-05-14,28.54,28.67,28.03,28.11,20.24,254100
2010-05-17,28.01,28.69,27.89,28.48,20.5,500600
2010-05-18,28.77,28.98,28.43,28.48,20.5,632300
2010-05-19,28.35,28.77,28.06,28.37,20.42,487500
2010-05-20,28.01,28.06,27.16,27.17,19.56,672100
2010-05-21,26.83,26.92,26.5,26.8,19.53,487400
2010-05-24,26.66,27.23,26.59,26.75,19.5,563200
2010-05-25,26.28,26.51,25.86,26.41,19.25,537600
2010-05-26,26.54,26.94,26.5,26.55,19.35,544200
2010-05-27,26.94,27.16,26.81,27.13,19.77,394900
2010-05-28,27.11,27.48,27.04,27.12,19.77,251200
2010-06-01,26.95,27.31,26.41,26.46,19.29,315300
2010-06-02,26.61,27.13,26.5,27.1,19.75,364100
2010-06-03,27.33,27.52,27.08,27.41,19.98,260300
2010-06-04,27.08,27.22,26.43,26.5,19.32,307600
2010-06-07,27.16,27.29,26.7,26.72,19.48,456500
2010-06-08,26.84,27.21,26.64,27.2,19.83,561300
2010-06-09,27.42,27.42,26.87,26.93,19.63,492400
2010-06-10,27.4,27.94,27.26,27.9,20.34,621500
2010-06-11,27.84,28.0,27.61,27.88,20.32,202500
2010-06-14,28.03,28.15,27.79,27.86,20.31,319100
2010-06-15,28.07,28.2,27.95,28.14,20.51,429700
2010-06-16,27.97,28.5,27.76,28.38,20.69,175000
2010-06-17,28.31,28.55,28.25,28.49,20.77,164900
2010-06-18,28.53,28.69,28.38,28.67,20.9,240200
2010-06-21,29.03,29.03,28.45,28.59,20.84,245900
2010-06-22,28.56,28.79,28.04,28.1,20.48,271800
2010-06-23,28.05,28.13,27.65,27.71,20.2,215200
2010-06-24,27.57,27.89,27.53,27.62,20.13,197200
2010-06-25,27.62,28.01,27.39,27.9,20.34,350000
2010-06-28,28.01,28.16,27.77,28.0,20.41,231300
2010-06-29,27.66,27.67,27.05,27.21,19.83,561500
2010-06-30,27.24,27.58,27.02,27.04,19.71,626300
2010-07-01,27.18,27.39,26.67,26.86,19.58,660500
2010-07-02,26.96,27.01,26.71,26.82,19.55,426400
2010-07-06,27.11,27.33,26.77,26.97,19.66,426500
2010-07-07,27.08,27.89,26.99,27.83,20.28,420200
2010-07-08,28.07,28.45,28.0,28.41,20.71,677800
2010-07-09,28.35,28.45,28.3,28.39,20.69,234000
2010-07-12,28.34,28.54,28.23,28.45,20.74,280400
2010-07-13,28.76,28.96,28.66,28.86,21.04,257600
2010-07-14,28.75,28.93,28.49,28.72,20.93,369500
2010-07-15,28.78,28.85,28.32,28.75,20.96,355100
2010-07-16,28.68,28.68,27.97,28.02,20.42,259000
2010-07-19,28.16,28.59,28.11,28.46,20.74,383300
2010-07-20,28.24,28.82,28.19,28.71,20.93,334700
2010-07-21,28.79,28.8,28.33,28.43,20.72,371400
2010-07-22,28.63,29.1,28.63,28.88,21.05,402100
2010-07-23,28.84,29.15,28.64,28.98,21.12,296800
2010-07-26,28.89,29.51,28.89,29.49,21.49,261400
2010-07-27,29.62,29.91,29.54,29.81,21.73,374700
2010-07-28,29.89,29.89,29.28,29.42,21.44,304800
2010-07-29,29.5,29.68,28.86,29.21,21.29,354000
2010-07-30,29.03,29.25,28.82,29.0,21.14,403900
2010-08-02,29.48,29.54,29.2,29.3,21.36,282300
2010-08-03,29.27,29.62,29.16,29.35,21.39,209500
2010-08-04,29.48,29.63,29.2,29.53,21.52,439700
2010-08-05,29.4,29.61,29.26,29.6,21.58,279300
2010-08-06,29.36,29.66,29.06,29.55,21.54,267200
2010-08-09,29.6,29.62,29.34,29.36,21.4,574100
2010-08-10,29.22,29.3,28.92,29.16,21.25,555600
2010-08-11,28.85,29.03,28.76,28.9,21.06,446200
2010-08-12,28.58,28.75,28.42,28.63,20.87,447000
2010-08-13,28.62,28.89,28.49,28.68,20.9,315400
2010-08-16,28.52,28.86,28.37,28.75,20.96,232400
2010-08-17,28.94,29.23,28.89,29.0,21.14,309800
2010-08-18,28.89,29.29,28.81,29.02,21.15,373700
2010-08-19,28.95,28.97,28.38,28.57,20.82,351600
2010-08-20,28.55,28.74,28.3,28.7,20.92,337500
2010-08-23,28.65,28.77,28.47,28.48,21.0,384000
2010-08-24,28.24,28.58,28.14,28.32,20.89,435300
2010-08-25,28.2,28.59,28.14,28.56,21.06,338900
2010-08-26,28.7,28.73,28.43,28.54,21.05,246400
2010-08-27,28.67,28.92,28.34,28.88,21.3,315800
2010-08-30,28.85,28.85,28.22,28.25,20.83,545000
2010-08-31,28.21,28.43,28.01,28.3,20.87,669400
2010-09-01,28.62,28.96,28.57,28.96,21.36,356400
2010-09-02,29.04,29.04,28.66,28.93,21.34,259600
2010-09-03,29.07,29.28,29.0,29.14,21.49,283900
2010-09-07,29.0,29.09,28.59,28.64,21.12,485000
2010-09-08,28.6,28.79,28.43,28.46,20.99,308700
2010-09-09,28.75,28.85,28.6,28.75,21.2,207600
2010-09-10,28.86,28.89,28.7,28.79,21.23,371200
2010-09-13,29.03,29.15,28.87,29.03,21.41,312000
2010-09-14,29.0,29.03,28.85,28.89,21.31,258800
2010-09-15,28.8,28.96,28.62,28.76,21.21,338200
2010-09-16,28.72,28.78,28.35,28.56,21.06,417700
2010-09-17,28.44,28.7,28.36,28.49,21.01,663800
2010-09-20,28.62,28.89,28.46,28.75,21.2,328900
2010-09-21,28.74,28.9,28.52,28.6,21.09,446000
2010-09-22,28.53,28.83,28.49,28.7,21.17,304900
2010-09-23,28.48,28.82,28.41,28.58,21.08,366200
2010-09-24,28.93,29.05,28.7,28.94,21.34,285100
2010-09-27,28.93,29.19,28.85,29.04,21.42,282000
2010-09-28,29.17,29.17,28.79,29.06,21.43,369100
2010-09-29,29.2,29.27,28.76,29.01,21.39,331600
2010-09-30,29.18,29.49,29.18,29.25,21.57,713900
2010-10-01,29.42,29.46,29.19,29.4,21.68,532400
2010-10-04,29.35,29.45,29.21,29.4,21.68,569600
2010-10-05,29.58,29.71,29.3,29.43,21.7,484300
2010-10-06,29.39,29.46,29.19,29.37,21.66,228500
2010-10-07,29.43,29.66,29.26,29.4,21.68,291700
2010-10-08,29.47,29.47,29.24,29.34,21.64,421000
2010-10-11,29.32,29.35,29.22,29.29,21.6,510000
2010-10-12,29.4,29.4,29.1,29.12,21.48,517500
2010-10-13,29.28,29.35,29.1,29.23,21.56,344100
2010-10-14,29.24,29.33,29.1,29.18,21.52,399100
2010-10-15,29.34,29.36,29.01,29.18,21.52,334900
2010-10-18,29.24,29.48,29.15,29.27,21.59,313800
2010-10-19,29.06,29.45,29.03,29.18,21.52,438300
2010-10-20,29.32,29.41,29.23,29.3,21.61,337700
2010-10-21,29.42,29.53,28.84,29.14,21.49,339000
2010-10-22,29.21,29.21,28.93,29.11,21.47,145900
2010-10-25,29.21,29.38,29.04,29.1,21.46,231700
2010-10-26,29.08,29.35,28.91,29.2,21.53,475500
2010-10-27,29.01,29.35,28.87,29.31,21.62,423500
2010-10-28,29.4,29.6,29.35,29.49,21.75,413100
2010-10-29,29.46,29.57,29.35,29.45,21.72,439800
2010-11-01,29.59,29.74,29.31,29.53,21.78,393000
2010-11-02,29.68,29.94,29.6,29.79,21.97,340700
2010-11-03,29.85,29.87,29.57,29.81,21.98,409500
2010-11-04,29.95,30.44,29.8,30.39,22.41,615700
2010-11-05,30.38,30.49,30.23,30.41,22.43,411700
2010-11-08,30.38,30.46,30.22,30.31,22.35,417400
2010-11-09,30.39,30.51,30.1,30.14,22.23,645100
2010-11-10,30.15,30.37,30.03,30.34,22.38,600000
2010-11-11,30.14,30.25,30.0,30.21,22.28,391900
2010-11-12,30.15,30.3,30.04,30.17,22.25,571000
2010-11-15,30.28,30.56,30.17,30.36,22.39,401000
2010-11-16,30.22,30.28,29.86,30.04,22.15,730900
2010-11-17,30.1,30.29,29.95,30.16,22.24,489500
2010-11-18,30.32,30.7,30.27,30.54,22.52,463400
2010-11-19,30.48,30.53,30.27,30.49,22.49,308000
2010-11-22,30.4,30.71,30.37,30.63,22.59,476500
2010-11-23,30.17,30.17,29.75,29.97,22.35,356900
2010-11-24,30.17,30.39,30.03,30.34,22.63,395200
2010-11-26,30.19,30.38,30.11,30.17,22.5,208400
2010-11-29,30.07,30.29,29.77,30.23,22.54,532200
2010-11-30,30.04,30.22,29.98,30.07,22.43,630500
2010-12-01,30.34,30.71,30.32,30.58,22.81,412100
2010-12-02,30.56,31.55,30.53,31.38,23.4,960900
2010-12-03,31.17,31.84,30.96,31.72,23.66,958200
2010-12-06,31.64,31.82,31.49,31.59,23.56,784300
2010-12-07,31.83,31.99,31.2,31.21,23.28,2627100
2010-12-08,31.12,31.22,30.81,30.91,23.05,659700
2010-12-09,30.76,31.04,30.66,30.81,22.98,583800
2010-12-10,31.01,31.19,30.84,31.1,23.19,346400
2010-12-13,31.28,31.32,31.07,31.19,23.26,205000
2010-12-14,31.28,31.61,31.26,31.49,23.48,311900
2010-12-15,31.43,31.59,31.04,31.05,23.16,487500
2010-12-16,31.05,31.45,31.05,31.31,23.35,278400
2010-12-17,31.4,31.4,31.09,31.34,23.37,589300
2010-12-20,31.33,31.41,31.13,31.17,23.25,395100
2010-12-21,31.23,31.38,31.22,31.22,23.28,329100
2010-12-22,31.34,31.54,31.26,31.35,23.38,366200
2010-12-23,31.3,31.38,31.18,31.27,23.32,272900
2010-12-27,31.2,31.53,31.07,31.34,23.37,180700
2010-12-28,31.43,31.5,31.07,31.36,23.39,261400
2010-12-29,31.36,31.51,31.36,31.47,23.47,126300
2010-12-30,31.47,31.58,31.43,31.44,23.45,130600
2010-12-31,31.37,31.5,31.16,31.2,23.27,241700
2011-01-03,31.44,31.63,31.37,31.52,23.51,220200
2011-01-04,31.55,31.59,31.31,31.51,23.5,324300
2011-01-05,31.42,31.71,31.37,31.62,23.58,339000
2011-01-06,31.64,31.8,31.6,31.71,23.65,346500
2011-01-07,31.76,32.0,31.57,31.74,23.67,381400
2011-01-10,31.65,31.69,31.39,31.6,23.57,538100
2011-01-11,31.7,31.97,31.7,31.94,23.82,266100
2011-01-12,32.12,32.46,32.05,32.19,24.01,254100
2011-01-13,32.21,32.62,32.21,32.59,24.3,414000
2011-01-14,32.6,33.24,32.57,33.14,24.71,298900
2011-01-18,33.21,33.58,33.05,33.58,25.04,532700
2011-01-19,33.5,33.78,33.42,33.46,24.95,543800
2011-01-20,33.27,33.55,32.91,32.95,24.57,446000
2011-01-21,33.18,33.2,32.88,32.99,24.6,219200
2011-01-24,32.95,33.14,32.93,33.0,24.61,292400
2011-01-25,32.93,33.04,32.75,33.03,24.63,300100
2011-01-26,33.07,33.1,32.89,33.02,24.63,323300
2011-01-27,32.9,33.15,32.9,32.97,24.59,371100
2011-01-28,32.99,33.13,32.6,32.62,24.33,338900
2011-01-31,32.83,32.88,32.59,32.6,24.31,404900
2011-02-01,32.94,33.25,32.68,33.18,24.74,510600
2011-02-02,33.2,33.31,33.02,33.1,24.69,322900
2011-02-03,33.07,33.2,33.01,33.12,24.7,380400
2011-02-04,33.1,33.15,32.93,33.07,24.66,316400
2011-02-07,33.2,33.26,33.14,33.25,24.8,251100
2011-02-08,33.3,33.55,33.26,33.49,24.98,356000
2011-02-09,33.3,33.57,33.01,33.38,24.89,378500
2011-02-10,33.31,33.82,33.18,33.72,25.15,305400
2011-02-11,33.62,33.66,33.48,33.5,24.98,347300
2011-02-14,33.5,33.62,33.37,33.5,24.98,372600
2011-02-15,33.47,33.87,33.45,33.6,25.06,303200
2011-02-16,33.71,33.85,33.56,33.77,25.18,286600
2011-02-17,33.71,34.0,33.71,33.93,25.3,248500
2011-02-18,33.93,34.14,33.8,34.13,25.45,261200
2011-02-22,33.71,34.24,33.71,34.07,25.41,436900
2011-02-23,33.62,33.72,33.36,33.37,25.14,729200
2011-02-24,33.27,33.46,33.19,33.26,25.05,401600
2011-02-25,33.38,33.73,33.04,33.73,25.41,386000
2011-02-28,33.88,34.17,33.81,33.82,25.48,523900
2011-03-01,33.96,34.27,33.71,33.86,25.51,418000
2011-03-02,33.89,34.51,33.89,34.29,25.83,581200
2011-03-03,34.44,34.93,34.44,34.85,26.25,455900
2011-03-04,34.68,35.02,34.45,34.75,26.18,469900
2011-03-07,34.96,35.11,34.69,34.83,26.24,709200
2011-03-08,34.77,35.22,34.73,34.98,26.35,431200
2011-03-09,34.99,35.25,34.72,34.79,26.21,475600
2011-03-10,34.54,34.59,33.89,33.92,25.55,465400
2011-03-11,33.85,34.12,33.69,34.01,25.62,316000
2011-03-14,33.73,33.81,33.49,33.74,25.42,446900
2011-03-15,32.72,33.27,32.24,33.07,24.91,426900
2011-03-16,33.04,33.21,32.59,32.95,24.82,524500
2011-03-17,33.29,33.38,32.94,33.01,24.87,318000
2011-03-18,33.19,33.72,33.16,33.23,25.03,320000
2011-03-21,33.51,34.1,33.45,33.9,25.54,344900
2011-03-22,33.98,34.05,33.44,33.67,25.36,408300
2011-03-23,33.71,33.71,33.18,33.54,25.27,215900
2011-03-24,33.71,33.74,33.37,33.57,25.29,186900
2011-03-25,33.74,34.14,33.62,33.67,25.36,241400
2011-03-28,33.71,34.0,33.48,33.53,25.26,231800
2011-03-29,33.55,33.55,33.35,33.5,25.24,380100
2011-03-30,33.52,34.06,33.52,33.85,25.5,261100
2011-03-31,33.89,34.19,33.81,34.1,25.69,256400
2011-04-01,34.28,34.67,34.23,34.58,26.05,256000
2011-04-04,34.62,34.69,34.36,34.45,25.95,267700
2011-04-05,34.35,34.62,34.22,34.46,25.96,210700
2011-04-06,34.62,34.76,34.37,34.37,25.89,292100
2011-04-07,34.32,34.43,33.77,33.86,25.51,267000
2011-04-08,34.03,34.11,33.52,33.8,25.46,168200
2011-04-11,33.86,33.87,33.38,33.51,25.24,171200
2011-04-12,33.4,33.49,32.91,32.94,24.81,231400
2011-04-13,33.01,33.28,32.99,33.01,24.87,203700
2011-04-14,32.79,33.33,32.79,33.19,25.0,208400
2011-04-15,33.26,33.74,33.18,33.54,25.27,119100
2011-04-18,33.25,33.32,32.81,32.95,24.82,266800
2011-04-19,32.95,33.09,32.76,32.97,24.84,145700
2011-04-20,33.28,33.6,33.28,33.48,25.22,231600
2011-04-21,33.59,33.59,33.3,33.42,25.17,226700
2011-04-25,33.42,33.52,33.21,33.45,25.2,164000
2011-04-26,33.46,34.16,33.46,34.0,25.61,422700
2011-04-27,33.98,34.42,33.93,34.42,25.93,303300
2011-04-28,34.38,34.77,34.36,34.7,26.14,300500
2011-04-29,34.7,34.94,34.54,34.89,26.28,241000
2011-05-02,35.01,35.01,34.56,34.61,26.07,222000
2011-05-03,34.61,34.89,34.53,34.62,26.08,223000
2011-05-04,34.54,34.57,34.11,34.22,25.78,274000
2011-05-05,33.97,34.24,33.48,33.95,25.57,267300
2011-05-06,34.12,34.54,34.04,34.2,25.76,266200
2011-05-09,34.27,34.66,34.15,34.61,26.07,259000
2011-05-10,34.56,35.08,34.56,34.94,26.32,246200
2011-05-11,34.89,34.97,34.27,34.41,25.92,323600
2011-05-12,34.31,34.48,34.02,34.35,25.88,744000
2011-05-13,34.28,34.36,33.6,34.05,25.65,656400
2011-05-16,33.89,33.92,33.61,33.65,25.35,358100
2011-05-17,33.52,33.71,33.19,33.37,25.14,583000
2011-05-18,33.44,33.57,33.25,33.56,25.28,413600
2011-05-19,33.69,33.86,33.35,33.84,25.49,422500
2011-05-20,33.79,33.97,33.55,33.83,25.48,346100
2011-05-23,33.26,33.5,32.98,33.08,25.17,303100
2011-05-24,33.24,33.25,32.89,32.9,25.03,215400
2011-05-25,32.93,33.05,32.64,32.93,25.06,351200
2011-05-26,32.95,33.09,32.65,32.99,25.1,300700
2011-05-27,33.14,33.22,32.92,33.09,25.18,319900
2011-05-31,33.49,33.49,33.16,33.35,25.38,720400
2011-06-01,33.37,33.43,32.85,32.9,25.03,471700
2011-06-02,32.76,32.96,32.24,32.5,24.73,714000
2011-06-03,32.02,32.12,31.7,31.91,24.28,756600
2011-06-06,31.8,31.97,31.58,31.78,24.18,581600
2011-06-07,31.85,32.01,31.62,31.74,24.15,1185800
2011-06-08,31.78,32.0,31.76,31.86,24.24,546700
2011-06-09,31.86,31.86,31.48,31.72,24.14,499400
2011-06-10,31.72,31.75,31.55,31.58,24.03,633400
2011-06-13,31.64,31.7,31.39,31.45,23.93,355600
2011-06-14,31.64,31.83,31.45,31.66,24.09,313700
2011-06-15,31.51,31.66,31.23,31.34,23.85,419800
2011-06-16,31.42,31.71,31.35,31.5,23.97,416300
2011-06-17,31.71,32.09,31.58,31.91,24.28,859900
2011-06-20,31.89,32.3,31.86,32.17,24.48,434000
2011-06-21,32.32,32.36,32.19,32.31,24.59,289500
2011-06-22,32.28,32.44,32.13,32.29,24.57,296800
2011-06-23,32.01,32.31,31.73,32.26,24.55,602400
2011-06-24,32.34,32.54,32.21,32.3,24.58,661900
2011-06-27,32.37,32.64,32.32,32.35,24.62,241100
2011-06-28,32.49,32.76,32.38,32.61,24.81,271900
2011-06-29,32.72,33.2,32.65,33.1,25.19,503100
2011-06-30,33.22,33.33,33.1,33.25,25.3,531800
2011-07-01,33.37,33.85,33.28,33.85,25.76,288500
2011-07-05,33.86,33.93,33.6,33.65,25.61,315200
2011-07-06,33.68,34.06,33.58,33.99,25.86,359700
2011-07-07,34.24,34.24,33.85,34.0,25.87,583000
2011-07-08,33.75,33.98,33.69,33.95,25.83,328900
2011-07-11,33.75,33.88,33.56,33.66,25.61,381400
2011-07-12,33.54,33.92,33.47,33.72,25.66,422500
2011-07-13,33.78,34.09,33.69,33.75,25.68,369100
2011-07-14,33.88,34.08,33.5,33.59,25.56,396100
2011-07-15,33.64,33.93,33.51,33.87,25.77,345500
2011-07-18,33.87,33.9,33.16,33.26,25.31,324600
2011-07-19,33.45,33.52,33.2,33.42,25.43,310000
2011-07-20,33.41,33.93,33.39,33.88,25.78,358600
2011-07-21,33.94,34.35,33.9,34.27,26.08,208800
2011-07-22,34.25,34.37,34.01,34.17,26.0,229700
2011-07-25,34.23,34.42,33.92,34.22,26.04,330200
2011-07-26,34.32,34.32,33.9,33.95,25.83,262800
2011-07-27,33.86,34.05,33.66,33.79,25.71,455100
2011-07-28,33.84,33.91,33.46,33.58,25.55,396500
2011-07-29,33.32,33.7,33.07,33.43,25.44,348100
2011-08-01,33.71,33.97,33.54,33.91,25.8,508800
2011-08-02,33.77,34.15,33.64,33.66,25.61,617200
2011-08-03,33.65,33.75,33.25,33.7,25.64,652200
2011-08-04,33.13,33.38,31.97,31.99,24.34,1168800
2011-08-05,32.27,32.27,30.92,31.33,23.84,843000
2011-08-08,30.27,30.42,28.84,28.87,21.97,1066400
2011-08-09,29.16,30.98,28.51,30.97,23.57,836500
2011-08-10,30.45,30.99,29.97,29.97,22.81,849100
2011-08-11,30.03,31.48,29.83,31.21,23.75,672900
2011-08-12,31.33,31.6,31.01,31.19,23.73,434900
2011-08-15,31.41,32.22,31.41,32.2,24.5,451500
2011-08-16,31.94,32.45,31.91,32.28,24.56,429500
2011-08-17,32.5,32.83,32.36,32.48,24.72,320100
2011-08-18,31.78,32.22,31.7,31.94,24.3,554100
2011-08-19,31.6,32.2,31.6,31.75,24.16,326800
2011-08-22,32.24,32.36,31.37,31.5,23.97,525400
2011-08-23,31.25,32.2,31.02,32.2,24.77,525800
2011-08-24,32.12,33.28,32.12,33.17,25.52,396000
2011-08-25,33.34,33.45,32.23,32.43,24.95,517600
2011-08-26,32.18,32.36,31.6,32.25,24.81,676200
2011-08-29,32.7,33.1,32.55,33.04,25.42,738300
2011-08-30,32.99,33.5,32.9,33.41,25.7,453800
2011-08-31,33.5,33.63,33.14,33.54,25.8,735900
2011-09-01,33.62,34.31,33.58,34.15,26.27,857300
2011-09-02,33.58,34.06,33.4,33.46,25.74,529800
2011-09-06,32.63,33.04,32.5,32.97,25.36,494800
2011-09-07,33.44,33.93,33.24,33.91,26.08,444900
2011-09-08,33.72,34.83,33.72,34.32,26.4,1735800
2011-09-09,33.97,34.25,32.82,33.07,25.44,661500
2011-09-12,32.71,33.1,32.45,33.08,25.45,429200
2011-09-13,33.25,33.28,32.62,32.92,25.32,489500
2011-09-14,33.13,33.72,32.68,33.42,25.71,683200
2011-09-15,33.6,33.86,33.38,33.65,25.88,455700
2011-09-16,33.8,33.96,33.42,33.5,25.77,743500
2011-09-19,33.11,33.69,32.93,33.47,25.75,354100
2011-09-20,33.66,34.31,33.59,33.65,25.88,520300
2011-09-21,33.61,33.63,32.32,32.32,24.86,404900
2011-09-22,31.61,31.91,30.8,31.08,23.91,568000
2011-09-23,31.09,31.33,30.85,31.33,24.1,395200
2011-09-26,31.52,31.7,31.04,31.44,24.18,462400
2011-09-27,32.03,32.29,31.82,32.01,24.62,425900
2011-09-28,32.17,32.17,30.98,31.05,23.88,280900
2011-09-29,31.64,32.95,31.51,32.95,25.35,933600
2011-09-30,32.68,33.32,32.42,32.45,24.96,773500
2011-10-03,32.3,32.61,30.81,30.97,23.82,548200
2011-10-04,30.76,31.26,30.0,31.21,24.01,885300
2011-10-05,31.37,32.12,30.94,32.01,24.62,520500
2011-10-06,32.03,32.51,31.77,32.49,24.99,351300
2011-10-07,32.63,32.78,31.86,31.94,24.57,413900
2011-10-10,32.43,32.79,32.24,32.63,25.1,365300
2011-10-11,32.45,32.55,32.17,32.48,24.98,317700
2011-10-12,32.57,32.98,32.44,32.57,25.05,389200
2011-10-13,32.37,33.15,32.24,33.08,25.45,348000
2011-10-14,33.32,33.41,32.91,33.16,25.51,321900
2011-10-17,33.15,33.2,32.72,32.83,25.25,580700
2011-10-18,32.9,33.52,32.56,33.33,25.64,261400
2011-10-19,33.35,33.83,33.04,33.22,25.55,258500
2011-10-20,33.21,33.43,32.82,33.16,25.51,285600
2011-10-21,33.52,33.73,33.3,33.62,25.86,254200
2011-10-24,33.69,34.02,33.52,34.0,26.15,285000
2011-10-25,33.98,34.09,33.35,33.4,25.69,285600
2011-10-26,33.78,33.86,33.37,33.66,25.89,270200
2011-10-27,34.75,35.26,34.41,34.97,26.9,433700
2011-10-28,34.87,35.12,34.81,34.89,26.84,276500
2011-10-31,34.57,34.92,34.27,34.32,26.4,525900
2011-11-01,33.44,34.05,32.9,33.03,25.41,434900
2011-11-02,33.43,34.3,33.41,33.8,26.0,443200
2011-11-03,34.16,34.93,34.16,34.88,26.83,363500
2011-11-04,34.61,35.19,34.47,35.1,27.0,289700
2011-11-07,35.2,35.32,34.23,35.13,27.02,277300
2011-11-08,35.14,35.55,34.62,35.4,27.23,439700
2011-11-09,34.88,35.39,34.01,34.32,26.4,298300
2011-11-10,34.96,35.52,33.91,34.54,26.57,421300
2011-11-11,34.73,35.4,34.73,35.35,27.19,317900
2011-11-14,35.24,35.28,34.83,34.92,26.86,500800
2011-11-15,34.75,35.18,34.5,35.02,26.94,262800
2011-11-16,34.78,35.42,34.66,35.01,26.93,392700
2011-11-17,35.0,35.05,34.56,34.89,26.84,592800
2011-11-18,35.0,35.09,34.69,34.95,26.88,431700
2011-11-21,34.54,34.73,33.69,34.1,26.23,839200
2011-11-22,33.75,33.9,33.09,33.11,25.73,594400
2011-11-23,32.87,32.97,32.4,32.54,25.29,419500
2011-11-25,32.38,32.83,32.38,32.48,25.24,273200
2011-11-28,33.22,33.26,32.62,32.78,25.47,475900
2011-11-29,32.92,33.35,32.83,33.3,25.88,461600
2011-11-30,34.12,34.39,33.87,34.21,26.58,648400
2011-12-01,34.13,34.63,34.11,34.14,26.53,374300
2011-12-02,32.62,33.38,32.06,32.52,25.27,2692700
2011-12-05,32.96,33.35,32.58,33.28,25.86,1356600
2011-12-06,33.29,33.4,32.96,33.23,25.82,763600
2011-12-07,33.19,33.21,32.7,32.86,25.54,4995400
2011-12-08,32.78,32.88,32.21,32.35,25.14,773700
2011-12-09,32.47,32.95,32.29,32.87,25.54,629200
2011-12-12,32.75,32.75,31.96,32.32,25.12,955900
2011-12-13,32.6,32.85,31.97,32.1,24.94,892000
2011-12-14,31.96,32.12,31.76,31.99,24.86,758900
2011-12-15,32.3,32.61,32.2,32.41,25.19,450500
2011-12-16,32.56,33.02,32.56,32.75,25.45,889600
2011-12-19,32.85,33.0,32.08,32.14,24.98,591600
2011-12-20,32.6,33.05,32.6,32.73,25.43,469800
2011-12-21,32.72,33.12,32.61,33.03,25.67,447900
2011-12-22,33.1,33.23,32.88,33.15,25.76,267600
2011-12-23,33.3,33.38,33.17,33.25,25.84,163400
2011-12-27,33.2,33.66,33.11,33.54,26.06,236100
2011-12-28,33.56,33.78,33.44,33.45,25.99,327800
2011-12-29,33.59,33.74,33.43,33.66,26.16,328700
2011-12-30,33.73,33.93,33.33,33.35,25.92,355500
2012-01-03,33.83,33.83,33.06,33.15,25.76,365200
2012-01-04,33.05,33.48,32.98,32.98,25.63,522100
2012-01-05,32.96,33.01,32.47,32.85,25.53,462900
2012-01-06,32.88,32.95,32.63,32.65,25.37,412800
2012-01-09,32.77,32.83,32.27,32.38,25.16,700400
2012-01-10,32.56,32.6,32.25,32.27,25.08,532000
2012-01-11,32.24,32.56,32.16,32.49,25.25,325800
2012-01-12,32.51,32.61,32.27,32.44,25.21,268400
2012-01-13,32.23,32.56,32.05,32.29,25.09,323900
2012-01-17,32.44,32.7,32.14,32.34,25.13,304900
2012-01-18,32.36,32.49,32.17,32.49,25.25,219100
2012-01-19,32.57,32.58,32.07,32.15,24.98,245100
2012-01-20,32.16,32.66,32.15,32.56,25.3,256100
2012-01-23,32.63,32.93,32.44,32.57,25.31,232300
2012-01-24,32.41,32.54,32.15,32.22,25.04,288500
2012-01-25,32.24,32.64,31.94,32.6,25.33,357500
2012-01-26,32.67,33.04,32.58,33.01,25.65,286400
2012-01-27,32.97,32.97,32.29,32.34,25.13,389200
2012-01-30,32.19,32.32,32.07,32.12,24.96,334500
2012-01-31,32.33,32.47,32.07,32.41,25.19,495600
2012-02-01,32.51,32.68,32.41,32.62,25.35,340100
2012-02-02,32.61,32.88,32.45,32.62,25.35,265700
2012-02-03,32.9,33.02,32.67,32.8,25.49,320700
2012-02-06,32.69,32.81,32.4,32.6,25.33,244000
2012-02-07,32.5,33.05,32.45,32.87,25.54,248800
2012-02-08,32.77,32.77,32.0,32.38,25.16,562600
2012-02-09,32.54,32.66,32.0,32.15,24.98,428500
2012-02-10,32.0,32.05,31.51,31.56,24.53,319300
2012-02-13,31.86,32.15,31.51,31.75,24.67,330000
2012-02-14,31.77,31.88,31.43,31.54,24.51,237700
2012-02-15,31.53,31.73,31.28,31.45,24.44,279700
2012-02-16,31.41,31.98,31.41,31.64,24.59,447000
2012-02-17,31.69,32.08,31.5,31.8,24.71,288900
2012-02-21,31.89,32.16,31.71,32.09,24.94,411100
2012-02-22,32.13,32.23,31.78,31.99,24.86,681100
2012-02-23,31.82,32.11,31.68,32.05,25.18,399200
2012-02-24,32.01,32.01,31.68,31.68,24.89,471400
2012-02-27,31.57,31.65,31.22,31.38,24.65,629500
2012-02-28,31.32,31.46,30.72,30.89,24.27,584900
2012-02-29,30.76,31.23,30.68,30.73,24.14,980400
2012-03-01,30.8,31.09,30.71,31.04,24.38,800800
2012-03-02,30.94,31.06,30.76,30.95,24.31,476300
2012-03-05,30.89,31.23,30.71,31.23,24.53,375200
2012-03-06,31.0,31.07,30.65,30.75,24.16,304600
2012-03-07,30.82,30.9,30.52,30.74,24.15,312800
2012-03-08,30.81,31.06,30.57,30.92,24.29,362300
2012-03-09,30.99,31.28,30.89,31.09,24.42,271500
2012-03-12,31.17,31.35,31.11,31.2,24.51,455000
2012-03-13,31.36,31.46,31.15,31.46,24.71,295400
2012-03-14,31.49,31.53,31.05,31.11,24.44,325800
2012-03-15,31.14,31.16,30.73,30.82,24.21,356300
2012-03-16,30.82,30.9,30.66,30.71,24.12,610300
2012-03-19,30.71,31.04,30.58,30.78,24.18,305400
2012-03-20,30.74,30.9,30.56,30.63,24.06,380500
2012-03-21,30.69,30.73,30.42,30.6,24.04,304400
2012-03-22,30.49,30.62,30.39,30.61,24.05,388900
2012-03-23,30.57,30.8,30.44,30.8,24.2,359500
2012-03-26,30.99,31.19,30.88,30.99,24.34,486500
2012-03-27,30.9,31.21,30.87,31.11,24.44,414000
2012-03-28,31.07,31.2,30.74,30.88,24.26,351200
2012-03-29,30.73,31.22,30.53,31.19,24.5,631800
2012-03-30,31.29,31.6,31.14,31.46,24.71,611000
2012-04-02,31.44,31.95,31.28,31.51,24.75,658500
2012-04-03,31.45,31.82,31.45,31.8,24.98,666900
2012-04-04,31.57,31.75,31.41,31.72,24.92,523600
2012-04-05,31.69,31.76,31.27,31.44,24.7,311900
2012-04-09,31.2,31.26,30.95,31.17,24.49,579300
2012-04-10,31.17,31.17,30.8,31.01,24.36,531200
2012-04-11,31.24,31.24,30.86,30.91,24.28,284500
2012-04-12,30.85,31.17,30.82,31.12,24.45,346300
2012-04-13,31.01,31.37,30.9,30.95,24.31,287700
2012-04-16,30.95,31.56,30.9,31.45,24.71,546200
2012-04-17,31.5,31.87,31.31,31.68,24.89,547200
2012-04-18,31.67,31.71,31.31,31.41,24.67,341100
2012-04-19,31.42,31.54,31.09,31.52,24.76,668900
2012-04-20,31.65,32.12,31.65,32.0,25.14,607600
2012-04-23,31.84,31.85,31.56,31.72,24.92,557400
2012-04-24,31.68,32.0,31.63,31.99,25.13,624500
2012-04-25,32.15,32.31,32.05,32.22,25.31,451700
2012-04-26,32.2,32.36,32.1,32.29,25.37,305300
2012-04-27,32.27,32.47,32.1,32.41,25.46,348200
2012-04-30,32.36,32.65,32.32,32.58,25.59,463000
2012-05-01,32.65,33.15,32.59,32.84,25.8,668200
2012-05-02,32.81,32.89,32.32,32.54,25.56,533300
2012-05-03,32.34,32.96,32.34,32.74,25.72,858300
2012-05-04,32.59,32.7,32.22,32.43,25.48,371700
2012-05-07,32.33,32.49,32.1,32.4,25.45,328900
2012-05-08,32.21,32.71,32.17,32.69,25.68,438100
2012-05-09,32.47,33.2,32.36,32.59,25.6,426900
2012-05-10,32.75,33.02,32.7,32.84,25.8,501700
2012-05-11,32.71,33.15,32.62,32.89,25.84,577700
2012-05-14,32.69,32.77,32.24,32.65,25.65,405200
2012-05-15,32.71,33.07,32.57,32.69,25.68,394500
2012-05-16,32.72,32.95,32.64,32.85,25.81,378300
2012-05-17,33.52,33.93,33.1,33.12,26.02,685100
2012-05-18,33.18,33.29,32.61,32.68,25.67,437500
2012-05-21,32.72,32.8,32.32,32.74,25.72,376700
2012-05-22,32.85,33.15,32.74,33.02,25.94,395100
2012-05-23,32.68,32.71,32.2,32.38,25.71,358000
2012-05-24,32.51,32.91,32.3,32.91,26.13,483200
2012-05-25,32.93,32.94,32.57,32.67,25.94,226700
2012-05-29,32.89,32.99,32.68,32.9,26.12,373600
2012-05-30,32.75,32.91,32.44,32.52,25.82,264200
2012-05-31,32.58,33.3,32.54,33.14,26.31,628800
2012-06-01,32.68,33.23,32.52,33.04,26.23,531800
2012-06-04,33.04,33.23,32.92,33.04,26.23,463400
2012-06-05,33.02,33.38,33.01,33.22,26.37,295900
2012-06-06,33.41,33.85,33.28,33.85,26.87,342000
2012-06-07,34.0,34.05,33.7,33.77,26.81,487300
2012-06-08,33.79,33.99,33.48,33.95,26.95,267700
2012-06-11,34.06,34.23,33.77,33.83,26.86,340900
2012-06-12,33.93,34.0,33.61,33.92,26.93,194700
2012-06-13,33.84,34.11,33.7,34.05,27.03,238600
2012-06-14,34.12,34.37,34.01,34.26,27.2,282300
2012-06-15,34.37,34.64,34.26,34.35,27.27,430300
2012-06-18,34.24,34.64,34.13,34.54,27.42,366100
2012-06-19,34.49,34.76,34.38,34.45,27.35,364600
2012-06-20,34.5,34.5,33.96,34.06,27.04,297900
2012-06-21,34.09,34.3,33.74,33.76,26.8,251700
2012-06-22,33.9,34.11,33.82,33.96,26.96,311700
2012-06-25,33.71,33.81,33.49,33.7,26.75,190100
2012-06-26,33.83,33.86,33.57,33.66,26.72,209400
2012-06-27,33.84,34.35,33.73,34.26,27.2,378900
2012-06-28,34.14,34.86,34.07,34.78,27.61,765100
2012-06-29,34.86,35.77,34.69,35.07,27.84,1025200
2012-07-02,35.04,35.98,35.04,35.88,28.48,855500
2012-07-03,35.78,36.12,35.7,35.87,28.48,313600
2012-07-05,36.0,36.18,35.59,35.67,28.32,370400
2012-07-06,35.45,35.78,35.35,35.7,28.34,312400
2012-07-09,35.74,35.84,35.45,35.75,28.38,381200
2012-07-10,35.86,36.25,35.86,36.11,28.67,488700
2012-07-11,36.05,36.32,35.91,36.11,28.67,354100
2012-07-12,35.92,36.66,35.79,36.49,28.97,568600
2012-07-13,36.61,37.0,36.58,36.88,29.28,490300
2012-07-16,37.0,37.3,36.76,36.83,29.24,642300
2012-07-17,36.96,37.33,36.38,36.84,29.25,979800
2012-07-18,36.78,36.97,36.55,36.91,29.3,534600
2012-07-19,36.9,36.9,36.2,36.59,29.05,526300
2012-07-20,36.42,36.73,36.23,36.59,29.05,3611600
2012-07-23,36.3,36.49,36.05,36.3,28.82,392000
2012-07-24,36.31,36.31,35.58,35.77,28.4,473500
2012-07-25,35.79,35.93,35.2,35.53,28.21,587000
2012-07-26,35.79,36.19,35.55,35.67,28.32,481000
2012-07-27,35.93,36.11,35.57,36.02,28.6,875600
2012-07-30,35.94,36.34,35.72,35.9,28.5,557500
2012-07-31,35.9,36.06,35.81,35.85,28.46,469000
2012-08-01,35.84,36.52,35.79,36.14,28.69,515500
2012-08-02,35.99,36.03,35.37,35.79,28.41,322600
2012-08-03,35.98,36.43,35.97,36.23,28.76,177300
2012-08-06,36.35,36.45,36.12,36.23,28.76,200000
2012-08-07,36.34,36.55,36.19,36.2,28.74,196900
2012-08-08,36.21,36.48,35.82,36.39,28.89,454600
2012-08-09,36.28,37.0,35.93,36.61,29.06,430800
2012-08-10,36.66,37.1,36.53,36.94,29.33,392100
2012-08-13,36.87,37.0,36.59,36.63,29.08,413600
2012-08-14,36.62,36.98,36.61,36.81,29.22,545000
2012-08-15,36.82,36.95,36.66,36.83,29.24,506100
2012-08-16,36.77,37.02,36.64,36.84,29.25,340000
2012-08-17,36.82,36.97,36.64,36.71,29.14,223000
2012-08-20,36.51,36.64,35.93,36.01,28.59,565300
2012-08-21,36.04,36.25,35.78,35.93,28.52,466500
2012-08-22,35.94,35.94,35.57,35.63,28.29,478800
2012-08-23,35.45,35.45,35.0,35.15,28.18,308000
2012-08-24,35.16,35.33,35.01,35.23,28.24,262300
2012-08-27,35.23,35.51,35.11,35.43,28.4,269700
2012-08-28,35.35,35.6,35.03,35.21,28.23,494200
2012-08-29,35.3,35.41,35.05,35.2,28.22,296900
2012-08-30,35.21,35.21,34.92,35.02,28.07,178900
2012-08-31,35.2,35.31,34.85,34.94,28.01,235700
2012-09-04,34.98,35.68,34.91,35.58,28.52,441600
2012-09-05,35.59,35.69,35.22,35.25,28.26,332500
2012-09-06,35.45,35.77,35.45,35.7,28.62,281300
2012-09-07,35.69,35.75,35.29,35.31,28.31,213100
2012-09-10,35.46,36.03,35.29,35.81,28.71,339000
2012-09-11,35.78,35.84,35.43,35.45,28.42,254700
2012-09-12,35.32,35.54,35.0,35.26,28.27,320400
2012-09-13,35.3,35.89,35.23,35.88,28.76,349500
2012-09-14,35.88,36.08,35.33,35.36,28.35,319100
2012-09-17,35.26,35.47,35.03,35.25,28.26,303900
2012-09-18,35.22,35.51,35.21,35.37,28.35,373000
2012-09-19,35.36,35.6,35.3,35.54,28.49,280700
2012-09-20,35.55,35.68,35.49,35.66,28.59,130800
2012-09-21,35.67,35.9,35.63,35.7,28.62,486200
2012-09-24,35.57,36.5,35.57,36.3,29.1,377800
2012-09-25,36.5,36.52,36.03,36.08,28.92,289500
2012-09-26,36.08,36.3,35.72,35.81,28.71,214700
2012-09-27,35.79,35.87,35.18,35.56,28.51,321100
2012-09-28,35.42,35.85,35.25,35.79,28.69,323200
2012-10-01,35.79,35.91,35.04,35.31,28.31,613200
2012-10-02,35.32,35.56,35.21,35.33,28.32,348200
2012-10-03,35.43,35.58,35.26,35.43,28.4,309300
2012-10-04,35.57,35.92,35.46,35.92,28.79,235400
2012-10-05,36.0,36.25,35.82,36.08,28.92,305400
2012-10-08,35.98,36.22,35.95,36.2,29.02,194300
2012-10-09,36.13,36.27,35.72,35.89,28.77,288800
2012-10-10,35.98,36.26,35.81,35.93,28.8,237000
2012-10-11,36.07,36.17,35.84,35.95,28.82,224400
2012-10-12,35.93,36.06,35.65,35.68,28.6,218300
2012-10-15,35.78,35.96,35.47,35.66,28.59,306400
2012-10-16,35.71,36.34,35.3,36.34,29.13,342600
2012-10-17,36.35,36.88,36.24,36.86,29.55,335200
2012-10-18,36.7,36.78,36.46,36.53,29.28,285500
2012-10-19,36.38,36.59,35.94,35.95,28.82,1104600
2012-10-22,35.17,35.96,35.17,35.94,28.81,238300
2012-10-23,35.69,35.72,35.11,35.35,28.34,349100
2012-10-24,35.44,35.53,35.09,35.24,28.25,291700
2012-10-25,35.37,35.69,35.11,35.65,28.58,468700
2012-10-26,35.83,35.9,35.64,35.8,28.7,191500
2012-10-31,35.76,35.99,35.56,35.97,28.83,281200
2012-11-01,36.05,36.57,35.77,36.03,28.88,625800
2012-11-02,36.24,36.39,35.26,35.27,28.27,308100
2012-11-05,35.31,35.51,35.0,35.28,28.28,269700
2012-11-06,35.32,35.82,35.27,35.57,28.51,261000
2012-11-07,35.21,35.36,34.37,34.62,27.75,377200
2012-11-08,34.7,35.54,34.48,34.48,27.64,396500
2012-11-09,34.32,35.28,34.06,34.92,27.99,622300
2012-11-12,34.88,35.26,34.09,34.18,27.4,346200
2012-11-13,33.86,34.6,33.8,34.23,27.44,308500
2012-11-14,34.35,34.35,33.57,33.65,26.97,445900
2012-11-15,33.62,33.79,33.03,33.2,26.61,333600
2012-11-16,33.31,33.65,32.94,33.61,26.94,749500
2012-11-19,33.95,34.01,33.5,34.01,27.26,712700
2012-11-20,34.01,34.48,33.96,34.48,27.64,478100
2012-11-21,34.41,34.46,33.99,34.27,27.75,430100
2012-11-23,34.3,34.45,34.02,34.2,27.7,112000
2012-11-26,34.15,34.84,34.15,34.66,28.07,401400
2012-11-27,34.73,34.96,34.62,34.78,28.17,426000
2012-11-28,34.79,34.87,34.45,34.65,28.06,546300
2012-11-29,34.82,34.94,34.44,34.82,28.2,210700
2012-11-30,34.79,35.01,34.68,35.01,28.35,513900
2012-12-03,35.12,35.5,34.83,35.43,28.69,558300
2012-12-04,35.38,35.52,35.12,35.49,28.74,435600
2012-12-05,35.45,36.0,35.26,35.7,28.91,332100
2012-12-06,35.6,35.95,35.6,35.88,29.06,281000
2012-12-07,35.82,35.9,35.53,35.66,28.88,180600
2012-12-10,35.68,35.98,35.56,35.65,28.87,458900
2012-12-11,35.78,36.02,35.66,35.89,29.07,250400
2012-12-12,35.99,36.0,35.53,35.62,28.85,321000
2012-12-13,35.6,35.74,35.21,35.37,28.64,379100
2012-12-14,35.97,36.04,35.27,35.37,28.64,468700
2012-12-17,35.37,36.22,35.37,36.21,29.32,563800
2012-12-18,36.18,36.43,35.72,36.09,29.23,479200
2012-12-19,36.04,36.23,35.83,36.07,29.21,237400
2012-12-20,36.15,36.42,36.05,36.24,29.35,318500
2012-12-21,36.04,36.19,35.7,36.02,29.17,612600
2012-12-24,35.81,35.92,35.52,35.78,28.98,88300
2012-12-26,35.76,35.76,35.1,35.14,28.46,286000
2012-12-27,35.05,35.22,34.35,34.95,28.3,416100
2012-12-28,34.76,35.2,34.61,34.63,28.05,301500
2012-12-31,34.54,35.26,34.29,35.12,28.44,330700
2013-01-02,35.61,35.86,35.53,35.77,28.97,367500
2013-01-03,35.72,35.99,35.46,35.59,28.82,328300
2013-01-04,35.64,36.03,35.47,35.94,29.11,408800
2013-01-07,35.79,35.85,35.05,35.11,28.43,424200
2013-01-08,35.04,35.3,34.87,35.18,28.49,360700
2013-01-09,35.26,35.51,35.07,35.43,28.69,372800
2013-01-10,35.61,35.96,35.48,35.7,28.91,499400
2013-01-11,35.85,35.87,35.41,35.53,28.77,387000
2013-01-14,35.38,36.17,35.38,35.75,28.95,465800
2013-01-15,35.66,36.12,35.52,36.07,29.21,320300
2013-01-16,36.0,36.26,35.76,36.12,29.25,411000
2013-01-17,36.21,36.46,36.12,36.39,29.47,470000
2013-01-18,36.44,37.0,36.42,36.98,29.95,1051900
2013-01-22,36.89,37.57,36.89,37.44,30.32,427100
2013-01-23,37.33,37.4,37.04,37.21,30.13,577400
2013-01-24,37.28,37.41,36.92,37.0,29.96,545600
2013-01-25,37.05,37.38,36.83,37.1,30.05,548600
2013-01-28,37.12,37.45,37.09,37.31,30.22,683400
2013-01-29,37.28,37.57,37.1,37.57,30.43,412500
2013-01-30,37.47,37.69,37.11,37.25,30.17,673700
2013-01-31,37.34,37.55,37.21,37.36,30.26,405400
2013-02-01,37.5,37.75,37.43,37.66,30.5,378200
2013-02-04,37.51,37.94,37.51,37.55,30.41,505700
2013-02-05,37.7,37.83,37.36,37.52,30.39,617500
2013-02-06,37.37,37.72,37.34,37.58,30.43,637500
2013-02-07,37.69,37.93,37.22,37.73,30.56,484200
2013-02-08,37.87,38.1,37.77,37.8,30.61,433700
2013-02-11,37.79,38.02,37.71,37.86,30.66,322700
2013-02-12,37.91,38.04,37.81,38.01,30.78,436800
2013-02-13,38.05,38.15,37.93,38.1,30.86,262300
2013-02-14,38.03,38.19,37.82,37.85,30.65,230400
2013-02-15,37.84,37.94,37.73,37.9,30.69,339700
2013-02-19,37.94,38.12,37.9,38.07,30.83,641600
2013-02-20,38.04,38.25,37.79,37.81,30.62,498200
2013-02-21,37.73,37.83,37.53,37.7,30.53,278700
2013-02-22,37.86,38.06,37.73,37.98,30.76,346200
2013-02-25,38.08,38.42,37.73,37.73,30.56,484000
2013-02-26,37.88,37.98,37.67,37.85,30.65,322500
2013-02-27,37.75,38.55,37.51,38.37,31.07,368400
2013-02-28,38.13,38.43,37.97,38.17,31.2,545200
2013-03-01,38.1,38.86,37.8,38.86,31.76,797300
2013-03-04,38.77,39.67,38.74,39.48,32.27,916900
2013-03-05,39.59,40.24,39.52,40.11,32.78,776200
2013-03-06,40.1,40.5,39.83,40.32,32.95,664200
2013-03-07,40.27,40.65,40.18,40.48,33.08,441400
2013-03-08,40.59,40.92,40.43,40.85,33.39,628700
2013-03-11,40.8,41.43,40.68,41.43,33.86,581600
2013-03-12,41.43,41.5,40.93,41.02,33.53,916600
2013-03-13,41.06,41.25,40.93,41.15,33.63,455400
2013-03-14,41.07,41.26,40.86,41.11,33.6,460100
2013-03-15,41.13,41.35,40.9,41.27,33.73,636600
2013-03-18,40.97,41.19,40.82,40.92,33.44,561400
2013-03-19,41.01,41.24,40.95,41.23,33.7,634600
2013-03-20,41.3,41.73,41.3,41.64,34.03,355200
2013-03-21,41.38,41.77,41.38,41.52,33.93,457500
2013-03-22,41.58,41.9,41.5,41.74,34.11,314400
2013-03-25,41.84,42.03,41.59,41.69,34.07,330100
2013-03-26,41.8,42.11,41.74,42.1,34.41,725100
2013-03-27,41.79,42.18,41.7,42.09,34.4,386700
2013-03-28,42.04,42.71,41.92,42.69,34.89,617800
2013-04-01,42.68,42.69,41.84,42.28,34.56,513100
2013-04-02,42.28,42.64,42.13,42.28,34.56,500800
2013-04-03,42.42,42.58,41.55,41.63,34.02,460800
2013-04-04,41.74,42.0,41.65,42.0,34.33,335500
2013-04-05,41.64,42.12,41.54,42.12,34.42,292100
2013-04-08,42.05,42.84,41.96,42.84,35.01,290000
2013-04-09,42.87,43.03,42.67,42.94,35.1,580400
2013-04-10,42.97,43.53,42.95,43.43,35.5,323500
2013-04-11,43.35,43.46,43.04,43.45,35.51,292300
2013-04-12,43.26,43.49,43.04,43.28,35.37,297500
2013-04-15,43.01,43.19,42.21,42.25,34.53,605400
2013-04-16,42.6,43.15,42.08,43.15,35.27,489300
2013-04-17,42.75,43.11,42.57,42.95,35.1,716600
2013-04-18,42.87,43.32,42.79,42.96,35.11,501300
2013-04-19,42.95,44.08,42.22,44.05,36.0,1486700
2013-04-22,44.08,44.08,43.61,43.99,35.95,455100
2013-04-23,44.01,44.34,43.89,44.23,36.15,479900
2013-04-24,44.28,44.35,44.08,44.17,36.1,420600
2013-04-25,44.17,44.55,44.02,44.11,36.05,353400
2013-04-26,43.97,44.39,42.9,43.7,35.72,646800
2013-04-29,43.7,44.21,43.68,44.12,36.06,441300
2013-04-30,44.01,44.37,43.73,44.37,36.26,528200
2013-05-01,44.34,44.35,43.57,43.62,35.65,411400
2013-05-02,43.7,44.72,42.84,44.29,36.2,536200
2013-05-03,44.61,44.85,44.36,44.49,36.36,258600
2013-05-06,44.4,44.46,44.09,44.4,36.29,442700
2013-05-07,44.38,44.76,44.36,44.76,36.58,284800
2013-05-08,44.74,44.88,44.41,44.62,36.47,357800
2013-05-09,44.55,44.65,43.98,44.08,36.03,316900
2013-05-10,44.03,44.15,43.76,44.07,36.02,422300
2013-05-13,43.94,44.31,43.87,44.04,35.99,298000
2013-05-14,43.95,44.58,43.84,44.42,36.3,227900
2013-05-15,44.29,45.06,44.28,44.52,36.39,519400
2013-05-16,44.17,44.68,44.0,44.13,36.35,297400
2013-05-17,44.14,44.63,44.14,44.62,36.76,294300
2013-05-20,44.54,44.97,44.52,44.87,36.96,366200
2013-05-21,44.84,45.05,44.58,44.73,36.85,438800
2013-05-22,44.66,45.12,43.71,43.89,36.16,278400
2013-05-23,43.64,43.64,42.75,43.12,35.52,616800
2013-05-24,42.95,43.03,42.34,42.71,35.18,541900
2013-05-28,43.05,43.63,42.81,43.02,35.44,529600
2013-05-29,42.78,42.91,42.07,42.17,34.74,547700
2013-05-30,42.17,42.86,42.16,42.48,34.99,361400
2013-05-31,42.29,43.15,42.16,42.22,34.78,377600
2013-06-03,42.01,42.67,41.51,42.35,34.89,511500
2013-06-04,42.34,42.49,41.52,41.69,34.34,590300
2013-06-05,41.62,41.76,40.86,41.14,33.89,875800
2013-06-06,41.13,41.49,40.8,41.46,34.15,542500
2013-06-07,41.56,41.83,41.13,41.42,34.12,338600
2013-06-10,41.48,41.66,40.97,41.33,34.05,279100
2013-06-11,40.95,41.3,40.68,40.97,33.75,230600
2013-06-12,41.08,41.37,40.55,40.74,33.56,418300
2013-06-13,40.75,41.04,40.53,40.87,33.67,512400
2013-06-14,40.81,40.95,40.45,40.58,33.43,408900
2013-06-17,40.77,40.92,40.42,40.74,33.56,285100
2013-06-18,40.85,41.33,40.55,41.1,33.86,250800
2013-06-19,40.99,41.05,40.07,40.07,33.01,215900
2013-06-20,39.74,39.92,38.63,38.88,32.03,459800
2013-06-21,39.11,39.16,38.0,38.69,31.87,622300
2013-06-24,38.33,38.87,38.06,38.59,31.79,468300
2013-06-25,38.85,39.43,38.46,39.33,32.4,552600
2013-06-26,39.59,40.25,39.43,40.16,33.08,531400
2013-06-27,40.29,40.9,40.15,40.65,33.49,364300
2013-06-28,40.53,41.28,40.3,41.06,33.82,620800
2013-07-01,41.28,41.29,40.59,40.77,33.59,841600
2013-07-02,40.65,41.21,40.31,40.6,33.45,653400
2013-07-03,40.24,40.55,39.97,40.49,33.35,320100
2013-07-05,40.69,40.69,39.99,40.57,33.42,215800
2013-07-08,40.69,41.35,40.53,41.04,33.81,249700
2013-07-09,41.25,41.55,41.03,41.43,34.13,280400
2013-07-10,41.33,41.64,41.07,41.63,34.29,280400
2013-07-11,42.0,42.11,41.67,41.96,34.57,249900
2013-07-12,41.88,42.45,41.8,42.4,34.93,258600
2013-07-15,42.32,43.57,42.32,43.43,35.78,457000
2013-07-16,43.4,43.51,43.11,43.43,35.78,648500
2013-07-17,43.46,43.68,43.21,43.32,35.69,318900
2013-07-18,43.32,44.0,43.24,43.96,36.21,214300
2013-07-19,44.0,44.24,43.87,44.01,36.25,682400
2013-07-22,43.99,44.37,43.95,43.95,36.21,173700
2013-07-23,43.97,44.22,43.91,44.14,36.36,357700
2013-07-24,44.15,44.18,43.72,43.82,36.1,417500
2013-07-25,43.78,44.43,43.76,44.36,36.54,281800
2013-07-26,44.13,44.38,43.95,44.28,36.48,255900
2013-07-29,44.17,44.75,44.16,44.56,36.71,276900
2013-07-30,44.67,44.88,44.27,44.44,36.61,236300
2013-07-31,44.47,44.78,44.24,44.24,36.44,534500
2013-08-01,44.65,45.55,44.37,45.19,37.23,651100
2013-08-02,45.11,45.55,44.69,44.77,36.88,246600
2013-08-05,44.61,44.97,44.23,44.44,36.61,372500
2013-08-06,44.34,44.55,43.93,44.1,36.33,396100
2013-08-07,43.72,44.83,43.52,44.24,36.44,613900
2013-08-08,44.42,44.48,43.86,44.11,36.34,632700
2013-08-09,44.09,44.36,44.0,44.23,36.44,367400
2013-08-12,44.0,44.3,43.91,43.99,36.24,245900
2013-08-13,43.85,43.98,43.27,43.46,35.8,317800
2013-08-14,43.3,43.54,42.79,43.06,35.47,353900
2013-08-15,42.76,42.81,42.11,42.31,34.85,350200
2013-08-16,42.31,42.31,41.17,41.62,34.29,504900
2013-08-19,41.65,41.83,41.28,41.34,34.06,316500
2013-08-20,41.34,42.05,41.24,41.66,34.32,307600
2013-08-21,41.58,41.9,41.31,41.46,34.15,415800
2013-08-22,41.22,41.62,40.92,41.08,34.13,227000
2013-08-23,41.22,41.87,40.99,41.83,34.75,359100
2013-08-26,42.0,42.08,41.76,41.87,34.79,347100
2013-08-27,41.4,41.82,41.39,41.52,34.49,542800
2013-08-28,41.47,41.71,41.27,41.36,34.36,199700
2013-08-29,41.23,41.54,40.88,41.13,34.17,275300
2013-08-30,41.12,41.21,40.28,40.35,33.52,315200
2013-09-03,40.78,40.96,39.44,39.64,32.93,936500
2013-09-04,39.62,39.81,39.3,39.64,32.93,474500
2013-09-05,39.59,39.69,39.22,39.4,32.73,458500
2013-09-06,39.59,39.86,39.33,39.49,32.81,474700
2013-09-09,39.55,39.67,39.3,39.66,32.95,688700
2013-09-10,39.83,40.14,39.58,40.13,33.34,371100
2013-09-11,40.14,40.25,39.77,40.0,33.23,279400
2013-09-12,40.13,40.62,40.13,40.49,33.64,422000
2013-09-13,40.63,40.89,40.47,40.61,33.74,390100
2013-09-16,40.93,41.25,40.37,40.46,33.61,572300
2013-09-17,40.58,40.96,40.38,40.92,34.0,425400
2013-09-18,40.92,41.95,40.64,41.77,34.7,585700
2013-09-19,41.77,42.12,41.6,41.89,34.8,357400
2013-09-20,42.0,42.0,41.63,41.73,34.67,754600
2013-09-23,41.59,42.86,41.47,42.61,35.4,429900
2013-09-24,42.51,42.79,42.41,42.52,35.33,282400
2013-09-25,42.51,42.74,42.3,42.32,35.16,240100
2013-09-26,42.31,42.69,42.31,42.58,35.38,200800
2013-09-27,42.36,42.72,42.3,42.3,35.14,462200
2013-09-30,42.08,42.62,42.01,42.59,35.38,335600
2013-10-01,42.44,42.93,42.39,42.64,35.43,652000
2013-10-02,42.2,42.33,41.64,42.12,34.99,417000
2013-10-03,42.03,42.03,41.19,41.46,34.44,407100
2013-10-04,41.47,41.84,41.42,41.62,34.58,255800
2013-10-07,41.29,41.53,40.89,41.08,34.13,354200
2013-10-08,41.07,41.44,40.87,41.24,34.26,572000
2013-10-09,41.28,41.93,40.88,41.17,34.2,1019600
2013-10-10,41.52,42.11,41.27,41.91,34.82,493600
2013-10-11,41.94,42.36,41.78,42.32,35.16,297800
2013-10-14,42.17,42.28,41.45,42.22,35.08,416900
2013-10-15,42.17,42.4,41.15,41.21,34.24,482100
2013-10-16,41.5,41.81,41.29,41.76,34.69,243000
2013-10-17,41.64,42.61,41.36,42.52,35.33,322500
2013-10-18,42.68,43.06,42.49,42.94,35.67,849600
2013-10-21,42.98,43.39,42.8,43.05,35.77,403100
2013-10-22,43.19,43.64,43.05,43.54,36.17,190600
2013-10-23,43.51,44.05,43.46,43.76,36.36,229100
2013-10-24,43.76,43.84,43.5,43.71,36.31,205800
2013-10-25,43.76,44.38,43.63,44.33,36.83,279200
2013-10-28,44.34,44.59,44.21,44.59,37.05,372400
2013-10-29,44.59,44.75,44.34,44.46,36.94,342600
2013-10-30,44.64,44.92,44.36,44.49,36.96,216800
2013-10-31,44.37,44.74,43.97,44.27,36.78,294500
2013-11-01,44.26,44.69,44.16,44.57,37.03,254600
2013-11-04,44.69,44.91,44.2,44.46,36.94,306000
2013-11-05,44.43,44.58,44.0,44.02,36.57,370700
2013-11-06,44.23,44.98,44.17,44.68,37.12,481700
2013-11-07,45.0,45.47,44.54,44.8,37.22,558000
2013-11-08,44.7,45.61,44.35,45.48,37.78,548100
2013-11-11,45.5,45.93,45.19,45.88,38.12,342100
2013-11-12,45.85,45.9,45.3,45.77,38.03,350900
2013-11-13,45.72,46.83,45.46,46.73,38.82,367700
2013-11-14,46.88,47.44,46.53,47.06,39.1,321300
2013-11-15,47.05,47.16,46.48,46.8,38.88,265900
2013-11-18,46.78,46.78,46.35,46.44,38.58,355300
2013-11-19,46.36,46.51,45.6,45.77,38.03,526000
2013-11-20,45.78,46.16,45.31,45.34,37.67,365100
2013-11-21,45.02,45.24,44.83,44.95,37.65,590100
2013-11-22,45.06,45.36,44.77,45.04,37.73,558100
2013-11-25,45.08,45.52,44.61,44.8,37.53,315700
2013-11-26,44.8,44.8,44.13,44.67,37.42,354100
2013-11-27,44.72,44.79,44.17,44.46,37.24,193800
2013-11-29,44.59,45.13,44.45,44.45,37.23,195200
2013-12-02,44.44,44.75,43.96,44.21,37.03,307400
2013-12-03,44.09,44.78,43.98,44.38,37.17,471200
2013-12-04,44.22,44.59,43.81,43.94,36.81,844200
2013-12-05,43.98,44.08,43.64,44.01,36.86,413900
2013-12-06,44.21,45.16,43.93,45.13,37.8,349100
2013-12-09,45.27,45.33,44.77,44.9,37.61,329200
2013-12-10,44.92,45.03,44.22,44.22,37.04,306200
2013-12-11,44.17,44.21,43.73,43.83,36.71,425900
2013-12-12,43.79,44.17,43.64,44.02,36.87,206100
2013-12-13,44.02,44.31,43.66,44.05,36.9,267700
2013-12-16,43.94,44.34,43.5,43.82,36.71,530900
2013-12-17,43.87,44.39,43.71,44.34,37.14,347300
2013-12-18,44.39,45.04,44.13,44.92,37.63,358600
2013-12-19,44.73,44.82,44.12,44.29,37.1,310700
2013-12-20,44.38,45.38,43.91,45.21,37.87,732600
2013-12-23,45.5,45.58,44.97,45.02,37.71,197400
2013-12-24,44.91,45.43,44.86,45.21,37.87,77500
2013-12-26,45.44,45.44,44.88,45.01,37.7,146500
2013-12-27,45.06,45.4,45.04,45.17,37.84,229600
2013-12-30,45.09,45.36,44.98,45.2,37.86,179100
2013-12-31,45.31,45.71,45.15,45.42,38.05,234900
2014-01-02,45.34,45.52,44.45,44.67,37.42,422000
2014-01-03,44.62,45.0,44.4,44.74,37.48,647300
2014-01-06,44.71,44.74,44.16,44.19,37.01,298700
2014-01-07,44.4,45.51,44.3,45.18,37.84,460500
2014-01-08,45.27,45.51,44.92,45.42,38.05,568600
2014-01-09,45.57,45.8,45.32,45.65,38.24,300600
2014-01-10,45.78,46.21,45.66,45.81,38.37,374200
2014-01-13,45.79,45.84,45.04,45.24,37.89,232800
2014-01-14,45.34,45.63,45.08,45.62,38.21,188600
2014-01-15,45.72,45.72,45.46,45.7,38.28,220100
2014-01-16,45.59,45.94,45.43,45.84,38.4,278400
2014-01-17,45.89,46.39,45.77,46.23,38.72,458900
2014-01-21,46.51,47.12,46.29,47.08,39.44,284000
2014-01-22,47.23,47.45,47.01,47.26,39.59,238800
2014-01-23,47.09,47.59,46.97,47.54,39.82,350600
2014-01-24,47.41,47.51,46.89,46.89,39.28,322100
2014-01-27,47.01,47.14,46.56,46.57,39.01,528400
2014-01-28,46.66,46.82,46.48,46.77,39.18,257300
2014-01-29,46.43,47.13,46.17,46.6,39.03,233700
2014-01-30,46.84,47.61,46.61,47.54,39.82,208600
2014-01-31,47.18,48.38,47.06,48.01,40.21,335400
2014-02-03,47.99,48.06,46.51,46.71,39.13,1095800
2014-02-04,46.8,46.89,46.13,46.8,39.2,698300
2014-02-05,46.05,46.59,45.63,46.28,38.77,509500
2014-02-06,46.43,47.11,46.32,47.08,39.44,332900
2014-02-07,47.24,47.76,46.92,47.19,39.53,412500
2014-02-10,47.19,47.62,46.87,47.41,39.71,599400
2014-02-11,46.61,46.61,45.26,45.47,38.09,2298200
2014-02-12,44.5,45.37,44.26,45.08,37.76,7730000
2014-02-13,45.09,46.0,45.08,45.86,38.41,1019000
2014-02-14,45.87,45.88,45.3,45.53,38.14,567700
2014-02-18,45.52,45.8,45.38,45.66,38.25,554600
2014-02-19,45.53,45.72,44.91,44.94,37.64,518500
2014-02-20,44.56,45.3,44.51,45.3,38.26,569200
2014-02-21,45.25,45.63,45.14,45.56,38.48,657300
2014-02-24,45.72,46.16,45.59,45.66,38.56,940300
2014-02-25,45.8,45.93,45.4,45.83,38.71,1221600
2014-02-26,45.95,46.06,45.36,45.46,38.39,606700
2014-02-27,45.38,45.82,45.24,45.71,38.61,668600
2014-02-28,45.77,46.42,45.55,46.1,38.94,749000
2014-03-03,45.87,46.23,45.74,45.91,38.77,651400
2014-03-04,46.36,46.61,46.26,46.47,39.25,855400
2014-03-05,46.6,46.6,45.93,45.99,38.84,562300
2014-03-06,46.1,46.18,45.7,45.78,38.67,414300
2014-03-07,45.81,45.88,45.13,45.47,38.4,598300
2014-03-10,45.58,45.62,45.26,45.49,38.42,582700
2014-03-11,45.41,45.47,44.84,45.06,38.06,584900
2014-03-12,44.91,45.32,44.91,45.32,38.28,571000
2014-03-13,45.5,46.02,45.34,45.94,38.8,968500
2014-03-14,45.98,46.39,45.9,46.3,39.1,615300
2014-03-17,46.52,46.78,46.25,46.78,39.51,465100
2014-03-18,46.83,47.07,46.75,46.91,39.62,459700
2014-03-19,47.13,47.21,46.27,46.48,39.26,428800
2014-03-20,46.47,46.47,45.83,45.99,38.84,418100
2014-03-21,46.18,46.81,46.02,46.12,38.95,1080800
2014-03-24,46.32,46.78,45.74,46.11,38.94,301100
2014-03-25,46.05,46.31,45.53,45.91,38.77,462300
2014-03-26,46.22,46.22,45.77,45.8,38.68,366200
2014-03-27,45.78,46.09,45.72,45.94,38.8,288400
2014-03-28,45.96,46.12,45.79,46.07,38.91,315100
2014-03-31,46.36,47.2,46.22,47.13,39.81,574800
2014-04-01,47.23,47.23,46.42,46.94,39.64,734000
2014-04-02,46.92,47.67,46.55,47.4,40.03,503700
2014-04-03,47.55,47.99,47.37,47.79,40.36,649200
2014-04-04,47.93,48.36,47.63,47.65,40.24,546100
2014-04-07,47.6,48.0,47.36,47.65,40.24,926100
2014-04-08,47.66,48.02,47.25,47.99,40.53,575300
2014-04-09,47.99,48.63,47.73,48.52,40.98,1410300
2014-04-10,48.55,49.12,48.53,48.9,41.3,1738800
2014-04-11,48.68,49.03,47.98,48.52,40.98,1365400
2014-04-14,48.76,49.15,48.43,48.99,41.38,1114400
2014-04-15,48.97,50.18,48.88,50.07,42.29,904100
2014-04-16,50.27,50.43,49.88,50.42,42.58,692800
2014-04-17,50.2,50.52,49.7,49.9,42.14,2909200
2014-04-21,49.69,50.2,49.22,49.64,41.93,635100
2014-04-22,49.63,50.04,49.61,50.04,42.26,547400
2014-04-23,50.09,50.8,50.01,50.39,42.56,946200
2014-04-24,50.54,50.81,50.25,50.79,42.9,617200
2014-04-25,50.74,51.37,50.7,51.27,43.3,704900
2014-04-28,51.44,51.73,50.98,51.57,43.56,1003900
2014-04-29,51.52,51.82,51.0,51.07,43.13,1514800
2014-04-30,51.06,51.13,50.75,51.04,43.11,613500
2014-05-01,51.26,51.41,50.66,51.28,43.31,674300
2014-05-02,51.17,51.34,50.27,50.56,42.7,788600
2014-05-05,50.48,51.12,50.43,51.05,43.12,344300
2014-05-06,50.81,51.25,50.79,51.16,43.21,670000
2014-05-07,51.12,51.73,51.12,51.59,43.57,730600
2014-05-08,52.47,53.02,50.37,50.48,42.63,1471200
2014-05-09,50.37,50.96,50.21,50.41,42.58,1077100
2014-05-12,50.5,50.55,49.96,50.02,42.25,672600
2014-05-13,50.07,50.23,49.9,50.11,42.32,969500
2014-05-14,50.19,50.86,50.09,50.48,42.63,366300
2014-05-15,50.25,50.54,49.73,50.14,42.35,514300
2014-05-16,50.33,50.61,50.02,50.58,42.72,310500
2014-05-19,50.63,50.7,50.11,50.12,42.33,466700
2014-05-20,50.14,50.47,49.89,50.43,42.59,480100
2014-05-21,50.62,50.69,50.12,50.26,42.45,304600
2014-05-22,50.1,50.71,49.7,50.42,42.9,332000
2014-05-23,50.49,50.54,50.22,50.33,43.14,374700
2014-05-27,50.51,50.6,50.04,50.08,42.93,544100
2014-05-28,50.11,50.29,49.91,50.12,42.96,853200
2014-05-29,50.13,50.17,49.43,49.76,42.65,790200
2014-05-30,49.78,50.23,49.73,50.1,42.94,456300
2014-06-02,50.36,50.61,50.14,50.57,43.35,512200
2014-06-03,50.57,51.23,50.52,51.1,43.8,850000
2014-06-04,51.1,51.48,51.08,51.34,44.01,468300
2014-06-05,51.31,51.53,51.19,51.5,44.14,474100
2014-06-06,51.74,51.84,51.12,51.17,43.86,352000
2014-06-09,51.18,51.4,50.94,51.17,43.86,516200
2014-06-10,51.19,51.21,50.76,50.82,43.56,349600
2014-06-11,50.69,50.91,50.39,50.4,43.2,167900
2014-06-12,50.33,50.73,49.87,50.6,43.37,291000
2014-06-13,50.57,51.21,50.45,51.07,43.77,302300
2014-06-16,51.06,51.89,51.02,51.5,44.14,465500
2014-06-17,51.34,52.06,51.03,51.69,44.31,444500
2014-06-18,51.7,52.39,51.7,52.29,44.82,320900
2014-06-19,52.3,53.0,52.29,52.78,45.24,320700
2014-06-20,52.87,53.0,52.43,52.67,45.15,485600
2014-06-23,52.8,52.91,52.16,52.44,44.95,296200
2014-06-24,52.37,53.0,52.28,52.61,45.09,279100
2014-06-25,52.45,53.05,52.45,53.02,45.45,347900
2014-06-26,53.06,53.16,52.61,52.65,45.13,368900
2014-06-27,52.47,53.05,52.26,52.71,45.18,654900
2014-06-30,52.71,53.41,52.66,53.4,45.77,674500
2014-07-01,53.47,53.47,52.57,52.68,45.15,989400
2014-07-02,52.6,52.64,51.62,51.81,44.41,634900
2014-07-03,51.71,52.02,51.01,51.45,44.1,389700
2014-07-07,51.33,51.69,50.75,51.17,43.86,532000
2014-07-08,51.1,51.65,51.1,51.53,44.17,625100
2014-07-09,51.4,51.68,50.84,51.26,43.94,523700
2014-07-10,51.05,51.8,50.93,51.65,44.27,430300
2014-07-11,51.62,51.86,51.17,51.2,43.89,256500
2014-07-14,51.38,51.41,50.98,51.03,43.74,292400
2014-07-15,51.02,51.41,50.86,51.24,43.92,242600
2014-07-16,51.42,51.42,50.34,51.01,43.72,818000
2014-07-17,51.02,51.3,50.53,50.55,43.33,294800
2014-07-18,50.78,51.47,50.47,51.35,44.01,834000
2014-07-21,51.26,51.33,50.98,51.07,43.77,404900
2014-07-22,51.25,51.35,51.04,51.2,43.89,288200
2014-07-23,51.35,51.35,50.9,50.94,43.66,231000
2014-07-24,50.99,51.38,50.92,50.93,43.65,284100
2014-07-25,50.9,50.91,50.07,50.2,43.03,328400
2014-07-28,49.98,50.85,49.89,50.72,43.47,650100
2014-07-29,50.93,50.97,50.39,50.53,43.31,516100
2014-07-30,50.58,50.76,49.11,49.28,42.24,567200
2014-07-31,48.87,49.26,48.29,48.32,41.42,593200
2014-08-01,48.26,48.65,47.82,48.16,41.28,535600
2014-08-04,48.26,48.26,46.77,47.79,40.96,694700
2014-08-05,47.53,48.03,47.29,47.41,40.64,542400
2014-08-06,47.3,47.61,47.12,47.3,40.54,621500
2014-08-07,47.36,47.96,47.12,47.59,40.79,609200
2014-08-08,47.48,48.48,47.47,48.47,41.55,482700
2014-08-11,48.58,48.84,48.3,48.6,41.66,422500
2014-08-12,48.49,48.79,48.35,48.53,41.6,252400
2014-08-13,48.63,49.16,48.63,49.13,42.11,243000
2014-08-14,49.34,49.6,49.21,49.57,42.49,320600
2014-08-15,49.72,50.06,49.38,49.77,42.66,217400
2014-08-18,50.06,50.08,49.57,49.76,42.65,210600
2014-08-19,49.94,50.61,49.77,50.56,43.34,250500
2014-08-20,50.55,50.69,50.23,50.65,43.41,300100
2014-08-21,50.29,50.54,50.11,50.21,43.35,400600
2014-08-22,50.28,50.45,49.87,50.04,43.21,330000
2014-08-25,50.26,50.38,49.98,50.07,43.23,258800
2014-08-26,50.13,50.38,49.63,49.68,42.9,207600
2014-08-27,49.85,50.06,49.6,49.98,43.16,350800
2014-08-28,49.9,50.33,49.82,50.3,43.43,292600
2014-08-29,50.31,50.62,49.59,50.56,43.66,182000
2014-09-02,50.57,50.98,50.15,50.33,43.46,572700
2014-09-03,50.55,50.83,50.44,50.76,43.83,275300
2014-09-04,50.68,50.9,50.31,50.54,43.64,189100
2014-09-05,50.61,51.34,50.61,51.31,44.3,315800
2014-09-08,51.3,51.47,51.02,51.31,44.3,466900
2014-09-09,51.12,51.41,50.53,50.59,43.68,348900
2014-09-10,50.51,50.65,49.96,50.17,43.32,259100
2014-09-11,49.99,50.47,49.89,50.46,43.57,304900
2014-09-12,50.3,50.35,49.33,49.61,42.84,387300
2014-09-15,49.74,50.02,49.6,49.83,43.03,360800
2014-09-16,49.69,50.39,49.69,50.13,43.28,429100
2014-09-17,50.17,50.33,49.55,49.86,43.05,263800
2014-09-18,49.94,49.99,49.2,49.39,42.65,343200
2014-09-19,49.49,49.7,49.21,49.24,42.52,526200
2014-09-22,49.09,49.25,48.51,48.9,42.22,367400
2014-09-23,48.7,49.02,48.28,48.29,41.7,485700
2014-09-24,48.32,48.36,47.62,47.74,41.22,559600
2014-09-25,47.64,47.89,47.17,47.25,40.8,577900
2014-09-26,47.22,47.22,46.66,47.01,40.59,765700
2014-09-29,46.64,47.88,46.64,47.84,41.31,704600
2014-09-30,47.84,48.16,47.56,47.7,41.19,719800
2014-10-01,47.63,48.11,47.22,47.45,40.97,825200
2014-10-02,47.33,47.81,47.28,47.48,41.0,426900
2014-10-03,47.71,47.96,47.28,47.69,41.18,498900
2014-10-06,47.76,47.97,47.47,47.78,41.26,561000
2014-10-07,47.52,47.87,47.34,47.35,40.88,593600
2014-10-08,47.39,48.56,47.3,48.52,41.89,527800
2014-10-09,48.56,48.97,47.59,47.69,41.18,566400
2014-10-10,47.87,48.58,47.63,47.98,41.43,623700
2014-10-13,47.8,48.42,47.75,47.92,41.38,755200
2014-10-14,48.1,48.8,47.81,48.74,42.08,888500
2014-10-15,48.32,48.71,47.24,48.49,41.87,829800
2014-10-16,47.84,49.16,47.37,49.15,42.44,1044600
2014-10-17,50.05,50.52,49.3,50.21,43.35,2314200
2014-10-20,50.25,51.05,50.21,50.85,43.91,725400
2014-10-21,51.05,51.55,50.75,51.24,44.24,692800
2014-10-22,51.28,51.98,51.14,51.42,44.4,629000
2014-10-23,51.93,52.47,51.68,51.92,44.83,466100
2014-10-24,52.09,52.1,51.56,51.62,44.57,709600
2014-10-27,51.52,51.78,51.25,51.62,44.57,698600
2014-10-28,51.81,52.41,51.39,52.38,45.23,443300
2014-10-29,52.51,52.82,51.83,52.45,45.29,398500
2014-10-30,52.25,53.33,52.25,53.32,46.04,304100
2014-10-31,53.56,53.56,52.83,53.0,45.76,806900
2014-11-03,53.11,53.65,52.88,53.47,46.17,526400
2014-11-04,53.65,53.88,53.21,53.46,46.16,545300
2014-11-05,53.92,54.29,53.56,54.2,46.8,522800
2014-11-06,54.8,54.92,53.87,54.22,46.82,788600
2014-11-07,54.33,54.5,53.99,54.43,47.0,486600
2014-11-10,54.33,54.58,54.06,54.3,46.89,357800
2014-11-11,54.41,54.56,54.05,54.24,46.83,303300
2014-11-12,54.13,54.13,53.47,53.9,46.54,608500
2014-11-13,53.79,54.55,53.46,54.51,47.07,1091300
2014-11-14,54.38,54.52,53.19,53.29,46.01,531800
2014-11-17,53.15,53.66,53.06,53.47,46.17,813200
2014-11-18,53.56,53.83,53.29,53.42,46.13,647400
2014-11-19,53.46,53.48,52.95,53.14,45.88,723200
2014-11-20,52.76,53.1,52.64,53.08,46.17,994900
2014-11-21,53.6,53.75,53.29,53.65,46.67,635600
2014-11-24,53.62,53.92,53.27,53.61,46.63,629700
2014-11-25,53.74,53.85,53.48,53.69,46.7,364000
2014-11-26,53.68,54.01,53.61,53.74,46.74,323200
2014-11-28,53.66,54.45,53.66,53.7,46.71,291000
2014-12-01,53.71,54.05,53.19,53.91,46.89,531800
2014-12-02,53.9,54.35,53.55,54.16,47.11,586200
2014-12-03,54.09,54.5,54.09,54.46,47.37,595200
2014-12-04,54.35,54.85,54.29,54.68,47.56,482900
2014-12-05,54.4,54.74,54.2,54.36,47.28,430200
2014-12-08,54.4,54.84,53.8,54.16,47.11,342600
2014-12-09,53.95,55.1,53.85,55.06,47.89,479900
2014-12-10,54.89,55.07,53.85,53.88,46.87,322400
2014-12-11,54.01,54.93,53.61,54.55,47.45,326700
2014-12-12,54.0,54.35,53.08,53.13,46.21,530400
2014-12-15,53.36,53.36,52.37,52.57,45.73,514500
2014-12-16,52.54,53.28,52.02,52.91,46.02,613800
2014-12-17,52.97,53.84,52.81,53.82,46.81,301400
2014-12-18,54.32,54.75,54.05,54.66,47.54,407800
2014-12-19,54.58,54.84,53.87,54.38,47.3,738800
2014-12-22,54.33,54.62,53.94,54.56,47.46,265900
2014-12-23,54.6,54.93,54.39,54.68,47.56,345500
2014-12-24,54.62,55.68,54.62,55.58,48.35,190600
2014-12-26,55.65,56.4,55.39,56.01,48.72,307900
2014-12-29,56.19,58.18,56.18,58.08,50.52,574600
2014-12-30,57.87,57.88,56.85,56.85,49.45,340600
2014-12-31,57.12,57.29,55.72,55.74,48.48,568800
2015-01-02,55.92,56.17,55.35,55.9,48.62,421700
2015-01-05,55.46,55.51,54.54,54.89,47.74,373000
2015-01-06,54.93,55.59,54.39,54.55,47.45,561100
2015-01-07,54.95,55.5,54.36,55.33,48.13,550900
2015-01-08,55.68,56.01,55.58,55.7,48.45,747300
2015-01-09,55.77,55.85,54.91,55.25,48.06,432800
2015-01-12,55.52,55.54,54.8,55.34,48.14,414200
2015-01-13,55.74,56.52,55.04,55.61,48.37,341800
2015-01-14,55.28,57.17,55.28,57.14,49.7,575300
2015-01-15,57.33,57.47,56.97,57.31,49.85,744300
2015-01-16,57.04,58.48,57.03,58.47,50.86,500700
2015-01-20,58.47,58.95,57.47,58.22,50.64,458800
2015-01-21,58.12,58.67,57.55,58.61,50.98,593900
2015-01-22,59.01,59.05,58.28,58.64,51.01,595800
2015-01-23,58.85,59.11,58.6,58.66,51.02,403700
2015-01-26,58.55,58.83,57.66,58.81,51.15,420100
2015-01-27,58.79,59.35,58.36,58.47,50.86,539000
2015-01-28,58.61,59.04,57.33,57.54,50.05,556400
2015-01-29,57.84,58.76,57.39,58.69,51.05,338100
2015-01-30,58.31,58.65,56.78,56.91,49.5,934800
2015-02-02,57.38,57.75,56.45,57.5,50.02,589000
2015-02-03,57.19,57.97,57.17,57.92,50.38,758000
2015-02-04,57.77,58.18,56.6,56.76,49.37,719500
2015-02-05,57.09,57.59,56.73,57.44,49.96,417400
2015-02-06,57.26,57.5,54.5,55.09,47.92,746900
2015-02-09,54.9,55.44,54.17,54.49,47.4,329100
2015-02-10,54.47,55.13,54.3,54.95,47.8,797500
2015-02-11,54.95,54.95,53.37,53.48,46.52,850600
2015-02-12,53.59,53.81,52.97,53.17,46.25,1461400
2015-02-13,53.2,53.32,52.21,52.52,45.68,957300
2015-02-17,52.39,52.83,52.05,52.54,45.7,1557700
2015-02-18,52.42,53.59,52.21,53.53,46.56,1703600
2015-02-19,53.14,53.33,52.73,52.86,46.32,695800
2015-02-20,52.91,53.08,52.27,52.93,46.38,822500
2015-02-23,52.93,53.24,52.7,53.13,46.55,393300
2015-02-24,53.25,53.61,53.02,53.33,46.73,394000
2015-02-25,53.4,53.55,52.97,53.15,46.57,735300
2015-02-26,53.23,53.3,52.47,52.49,45.99,489300
2015-02-27,52.67,53.21,52.44,53.04,46.47,798000
2015-03-02,52.94,53.13,51.26,52.12,45.67,848100
2015-03-03,52.66,53.39,52.31,53.29,46.69,1072400
2015-03-04,53.29,53.29,52.62,53.12,46.54,790500
2015-03-05,53.18,53.65,52.97,53.43,46.82,576700
2015-03-06,52.78,52.89,51.97,52.21,45.75,935500
2015-03-09,52.25,52.58,52.07,52.18,45.72,518500
2015-03-10,52.0,52.74,51.96,52.02,45.58,676800
2015-03-11,52.18,52.3,51.73,52.05,45.61,959200
2015-03-12,52.35,53.61,52.35,53.4,46.79,596600
2015-03-13,53.32,53.33,52.32,53.09,46.52,569200
2015-03-16,53.26,54.06,53.26,53.88,47.21,877900
2015-03-17,53.78,54.34,53.71,54.25,47.53,589700
2015-03-18,54.25,55.97,54.05,55.66,48.77,825200
2015-03-19,55.31,56.05,55.03,55.19,48.36,732400
2015-03-20,55.41,55.86,55.1,55.85,48.94,1683200
2015-03-23,55.73,55.82,55.28,55.43,48.57,417200
2015-03-24,55.27,55.62,54.94,55.19,48.36,568900
2015-03-25,55.36,55.78,54.6,54.64,47.88,625400
2015-03-26,54.51,54.84,53.86,53.89,47.22,573400
2015-03-27,53.95,54.61,53.81,54.61,47.85,480900
2015-03-30,54.76,55.49,54.48,55.38,48.52,364300
2015-03-31,55.23,55.7,55.04,55.3,48.45,924700
2015-04-01,55.18,55.82,54.6,55.82,48.91,449700
2015-04-02,55.92,56.35,55.58,55.95,49.02,527900
2015-04-06,55.93,56.67,55.8,56.41,49.43,615300
2015-04-07,56.4,56.44,55.49,55.54,48.66,320000
2015-04-08,55.66,55.72,55.06,55.39,48.53,299900
2015-04-09,55.27,55.67,54.71,55.03,48.22,379300
2015-04-10,55.28,55.67,54.94,55.37,48.52,243400
2015-04-13,55.23,55.37,54.54,54.55,47.8,304900
2015-04-14,54.78,55.19,54.59,54.88,48.09,421100
2015-04-15,55.14,55.41,54.72,54.77,47.99,449000
2015-04-16,54.71,54.73,53.75,54.27,47.55,380800
2015-04-17,54.02,54.48,53.82,54.03,47.34,233000
2015-04-20,54.35,55.13,54.2,54.84,48.05,365800
2015-04-21,54.83,55.43,54.56,54.64,47.88,613600
2015-04-22,54.76,55.02,54.13,54.54,47.79,490800
2015-04-23,54.63,55.38,54.59,55.29,48.45,412400
2015-04-24,55.31,56.02,54.99,55.68,48.79,299700
2015-04-27,55.85,55.85,54.82,55.36,48.51,481600
2015-04-28,55.34,55.92,54.74,55.77,48.87,341200
2015-04-29,55.42,55.66,55.11,55.54,48.66,221500
2015-04-30,55.18,55.58,53.67,54.0,47.32,619300
2015-05-01,54.21,54.51,53.86,54.31,47.59,271200
2015-05-04,54.32,55.1,54.24,54.27,47.55,307400
2015-05-05,54.02,54.28,52.44,52.5,46.0,828900
2015-05-06,52.71,53.09,52.18,52.63,46.12,466800
2015-05-07,53.37,53.49,52.63,53.47,46.85,467700
2015-05-08,53.93,54.18,53.42,53.91,47.24,431300
2015-05-11,53.6,54.33,53.39,53.61,46.97,447600
2015-05-12,53.43,53.7,52.79,52.94,46.39,488400
2015-05-13,53.15,53.39,52.38,52.5,46.0,475100
2015-05-14,52.84,53.54,52.61,53.4,46.79,384600
2015-05-15,53.48,53.9,53.42,53.84,47.18,463600
2015-05-18,53.72,54.39,53.67,54.37,47.64,445700
2015-05-19,54.19,54.46,54.06,54.29,47.57,344800
2015-05-20,54.29,54.56,54.17,54.28,47.56,283900
2015-05-21,53.98,54.12,53.39,53.59,47.3,357200
2015-05-22,53.52,53.63,53.1,53.5,47.22,216100
2015-05-26,53.25,53.33,52.9,53.2,46.95,322800
2015-05-27,53.19,53.47,53.1,53.41,47.14,316500
2015-05-28,53.36,54.03,53.14,53.99,47.65,398300
2015-05-29,53.91,54.19,53.49,54.02,47.68,488200
2015-06-01,54.07,54.48,53.81,54.09,47.74,432400
2015-06-02,53.91,54.01,52.93,53.2,46.95,548300
2015-06-03,53.2,53.5,52.55,52.67,46.48,497400
2015-06-04,52.55,52.93,52.25,52.35,46.2,308500
2015-06-05,51.91,52.23,51.2,51.44,45.4,490500
2015-06-08,51.52,51.68,51.28,51.4,45.36,458100
2015-06-09,51.41,51.88,51.32,51.37,45.34,438500
2015-06-10,51.63,51.88,51.5,51.55,45.5,2177800
2015-06-11,51.91,52.36,51.64,51.95,45.85,704400
2015-06-12,51.81,52.1,51.39,51.48,45.43,398400
2015-06-15,51.54,51.59,50.83,51.44,45.4,607200
2015-06-16,51.23,51.96,51.06,51.94,45.84,617100
2015-06-17,52.15,52.64,51.64,52.12,46.0,339900
2015-06-18,52.19,53.11,52.19,52.89,46.68,335800
2015-06-19,53.24,53.24,52.59,52.7,46.51,716700
2015-06-22,52.86,52.99,52.34,52.75,46.55,372300
2015-06-23,52.66,52.78,52.02,52.52,46.35,801400
2015-06-24,52.49,52.79,51.95,51.95,45.85,695800
2015-06-25,52.14,52.17,51.65,51.67,45.6,374800
2015-06-26,51.67,51.91,51.35,51.75,45.67,454100
2015-06-29,51.56,52.22,51.08,51.43,45.39,354800
2015-06-30,51.63,51.95,51.2,51.28,45.26,548400
2015-07-01,51.35,51.55,51.03,51.48,45.43,386200
2015-07-02,51.79,52.25,51.62,52.17,46.04,326100
2015-07-06,52.22,52.51,52.0,52.43,46.27,346300
2015-07-07,52.64,54.07,52.41,53.83,47.51,617000
2015-07-08,53.5,53.96,53.42,53.83,47.51,676300
2015-07-09,54.06,54.29,52.94,52.94,46.72,503700
2015-07-10,52.97,53.63,52.88,53.33,47.07,309300
2015-07-13,53.4,53.92,53.34,53.53,47.24,323800
2015-07-14,53.56,53.95,53.44,53.6,47.3,417900
2015-07-15,53.56,53.8,53.28,53.69,47.38,327400
2015-07-16,53.89,55.45,53.66,55.18,48.7,913500
2015-07-17,55.08,55.08,54.11,54.16,47.8,432700
2015-07-20,54.06,54.32,53.73,53.98,47.64,392500
2015-07-21,53.87,54.38,53.5,53.6,47.3,423700
2015-07-22,53.51,54.35,53.51,54.16,47.8,388600
2015-07-23,54.15,54.15,53.44,53.56,47.27,569600
2015-07-24,53.62,53.97,53.39,53.8,47.48,418700
2015-07-27,53.82,54.52,53.17,54.29,47.91,397800
2015-07-28,54.3,54.46,53.82,54.36,47.98,326800
2015-07-29,54.1,54.72,53.82,54.68,48.26,398400
2015-07-30,54.5,55.09,54.22,54.68,48.26,322700
2015-07-31,55.1,55.72,54.73,55.3,48.81,362200
2015-08-03,55.35,55.8,55.03,55.32,48.82,226300
2015-08-04,55.22,55.47,54.58,54.66,48.24,332700
2015-08-05,54.7,55.34,54.7,54.97,48.51,309600
2015-08-06,54.6,54.94,53.85,54.88,48.43,455300
2015-08-07,54.74,55.67,54.45,55.63,49.1,320400
2015-08-10,55.65,56.0,55.11,55.26,48.77,363300
2015-08-11,55.07,55.73,54.88,55.55,49.03,410300
2015-08-12,55.35,57.39,55.35,57.3,50.57,640200
2015-08-13,56.97,57.59,56.68,57.12,50.41,363800
2015-08-14,57.03,57.49,56.74,57.42,50.68,307700
2015-08-17,57.27,57.96,57.0,57.87,51.07,362700
2015-08-18,57.8,57.8,57.12,57.3,50.57,370500
2015-08-19,56.96,57.62,56.87,57.47,50.72,487600
2015-08-20,56.6,57.05,56.21,56.26,49.99,509200
2015-08-21,55.82,56.43,55.51,55.53,49.34,628900
2015-08-24,53.98,56.82,52.08,55.31,49.15,1823700
2015-08-25,55.25,56.44,54.36,54.48,48.41,1656800
2015-08-26,55.58,55.86,53.55,54.93,48.81,1705700
2015-08-27,55.0,55.95,53.99,55.35,49.18,1157800
2015-08-28,55.34,55.61,54.51,55.58,49.39,678700
2015-08-31,55.42,55.42,54.37,54.79,48.69,684200
2015-09-01,54.2,54.59,53.4,53.59,47.62,776300
2015-09-02,54.16,54.2,53.46,53.75,47.76,638000
2015-09-03,53.89,53.89,53.18,53.46,47.5,756000
2015-09-04,52.97,52.97,52.42,52.56,46.7,468700
2015-09-08,52.91,53.87,52.55,53.71,47.73,502700
2015-09-09,53.86,54.41,53.48,53.59,47.62,504000
2015-09-10,53.55,53.99,53.13,53.28,47.34,384300
2015-09-11,53.17,54.1,52.71,54.08,48.05,399800
2015-09-14,54.18,54.68,53.66,54.28,48.23,331300
2015-09-15,54.31,54.72,54.16,54.6,48.52,385600
2015-09-16,54.55,55.46,54.37,55.27,49.11,537200
2015-09-17,55.36,56.39,55.26,55.75,49.54,603600
2015-09-18,55.26,56.09,55.25,55.52,49.33,929700
2015-09-21,55.9,56.28,55.53,56.15,49.89,596300
2015-09-22,56.18,56.78,55.8,56.58,50.28,782500
2015-09-23,56.6,56.75,56.27,56.61,50.3,519600
2015-09-24,56.6,57.02,55.69,56.88,50.54,510200
2015-09-25,57.11,58.33,56.97,57.66,51.24,696700
2015-09-28,57.51,57.9,57.03,57.6,51.18,402000
2015-09-29,57.65,57.82,56.82,57.1,50.74,743900
2015-09-30,57.16,58.3,57.11,58.18,51.7,788400
2015-10-01,58.18,58.46,57.37,57.82,51.38,661200
2015-10-02,58.03,58.93,57.65,58.93,52.36,612000
2015-10-05,59.0,59.44,58.65,59.36,52.75,495400
2015-10-06,59.33,59.35,58.5,58.58,52.05,725100
2015-10-07,58.64,59.01,58.13,58.72,52.18,672400
2015-10-08,58.7,59.72,58.55,59.54,52.91,479000
2015-10-09,59.59,59.72,58.85,59.0,52.43,1042000
2015-10-12,59.09,60.0,58.88,59.56,52.92,443500
2015-10-13,59.49,59.6,59.03,59.11,52.52,973800
2015-10-14,59.17,59.42,58.78,58.84,52.28,518600
2015-10-15,58.96,59.77,58.75,59.77,53.11,288900
2015-10-16,59.84,63.19,59.77,60.75,53.98,813000
2015-10-19,60.71,61.24,60.55,60.93,54.14,664900
2015-10-20,60.75,61.15,60.44,60.5,53.76,531000
2015-10-21,60.73,60.96,60.22,60.31,53.59,378200
2015-10-22,60.42,60.72,60.23,60.65,53.89,588100
2015-10-23,60.75,60.76,59.45,59.93,53.25,548600
2015-10-26,60.29,62.01,60.1,61.81,54.92,723200
2015-10-27,61.68,62.03,61.38,61.87,54.98,790300
2015-10-28,62.05,62.39,61.36,62.22,55.29,583500
2015-10-29,61.73,62.21,61.43,62.13,55.21,584100
2015-10-30,62.12,63.46,62.07,63.0,55.98,1649300
2015-11-02,63.08,63.31,62.64,63.03,56.01,603000
2015-11-03,62.99,63.38,62.65,63.19,56.15,552300
2015-11-04,63.15,63.77,62.85,63.04,56.02,637500
2015-11-05,62.78,63.5,62.22,62.54,55.57,861900
2015-11-06,61.74,62.1,59.6,59.81,53.15,1323300
2015-11-09,59.8,59.8,59.22,59.49,52.86,1074500
2015-11-10,59.64,60.94,59.64,60.94,54.15,753200
2015-11-11,60.83,61.52,60.74,61.3,54.47,490700
2015-11-12,61.16,61.64,60.48,60.58,53.83,340500
2015-11-13,60.58,61.09,60.06,60.25,53.54,597700
2015-11-16,60.26,61.17,59.96,61.11,54.3,318300
2015-11-17,61.16,61.43,60.48,60.55,53.8,373200
2015-11-18,60.72,61.97,60.19,61.9,55.0,625300
2015-11-19,62.0,62.57,61.58,62.4,55.83,897700
2015-11-20,62.52,62.94,62.21,62.51,55.92,454700
2015-11-23,62.41,62.82,62.19,62.38,55.81,329900
2015-11-24,62.29,62.81,61.64,62.66,56.06,477100
2015-11-25,62.57,62.71,62.18,62.19,55.64,319500
2015-11-27,62.26,62.98,62.26,62.84,56.22,116600
2015-11-30,62.81,63.06,62.14,62.31,55.75,419900
2015-12-01,62.58,62.94,62.08,62.59,56.0,381600
2015-12-02,62.65,62.65,61.85,61.93,55.41,405600
2015-12-03,61.85,61.85,60.91,61.14,54.7,683400
2015-12-04,61.17,62.34,61.1,62.25,55.69,605500
2015-12-07,62.05,62.22,61.62,61.98,55.45,530300
2015-12-08,61.77,62.29,61.56,62.2,55.65,435300
2015-12-09,62.09,62.99,61.99,62.56,55.97,655600
2015-12-10,62.5,62.59,61.05,61.14,54.7,446200
2015-12-11,60.83,61.62,60.5,60.81,54.4,581800
2015-12-14,60.7,61.23,60.42,60.86,54.45,406000
2015-12-15,60.74,61.73,60.5,61.59,55.1,328700
2015-12-16,61.86,63.5,61.66,63.26,56.6,585400
2015-12-17,63.29,63.7,62.94,63.14,56.49,473000
2015-12-18,63.14,63.16,61.73,62.81,56.19,1699300
2015-12-21,62.57,62.78,61.71,62.08,55.54,590200
2015-12-22,62.06,62.63,61.42,62.43,55.85,653900
2015-12-23,62.6,63.43,62.43,63.27,56.6,343300
2015-12-24,63.07,63.43,62.92,63.17,56.52,123900
2015-12-28,63.14,64.25,63.06,64.22,57.45,554600
2015-12-29,64.44,64.79,64.07,64.25,57.48,334000
2015-12-30,64.13,64.34,63.95,64.15,57.39,320400
2015-12-31,64.11,64.11,62.92,63.04,56.4,452200
2016-01-04,63.02,63.04,62.02,62.37,55.8,537800
2016-01-05,62.37,62.82,61.83,62.6,56.01,590800
2016-01-06,62.43,63.18,62.2,62.8,56.18,409700
2016-01-07,62.17,62.71,61.96,62.19,55.64,432000
2016-01-08,62.18,65.49,61.7,62.26,55.7,482300
2016-01-11,61.71,62.69,61.71,62.47,55.89,501800
2016-01-12,62.7,62.7,61.51,62.09,55.55,531600
2016-01-13,62.27,62.39,61.51,61.74,55.24,513800
2016-01-14,61.88,63.26,61.86,62.98,56.35,455200
2016-01-15,61.06,63.08,60.0,62.97,56.34,694100
2016-01-19,63.45,64.22,63.06,63.96,57.22,623800
2016-01-20,63.85,64.19,61.55,62.39,55.82,582100
2016-01-21,62.44,62.69,61.62,62.38,55.81,655400
2016-01-22,62.7,64.08,61.82,64.02,57.28,563700
2016-01-25,64.12,64.96,63.34,63.84,57.11,724900
2016-01-26,64.14,65.47,64.14,65.41,58.52,835200
2016-01-27,65.39,65.9,64.81,65.13,58.27,598400
2016-01-28,65.59,67.61,65.51,67.19,60.11,1006100
2016-01-29,67.71,69.22,67.56,69.22,61.93,1753500
2016-02-01,69.26,69.81,68.38,68.59,61.36,1129600
2016-02-02,68.67,69.97,67.94,69.9,62.54,809600
2016-02-03,69.0,70.54,68.9,69.72,62.38,1052900
2016-02-04,69.66,69.95,68.85,69.63,62.29,996700
2016-02-05,69.58,69.85,68.67,69.53,62.21,668600
2016-02-08,69.47,69.92,69.01,69.85,62.49,515900
2016-02-09,69.73,70.98,69.2,70.8,63.34,675600
2016-02-10,70.91,70.91,69.69,70.28,62.88,875100
2016-02-11,69.78,70.53,69.59,70.29,62.89,630200
2016-02-12,70.91,71.08,68.75,69.83,62.47,1235900
2016-02-16,70.59,70.92,69.81,70.43,63.01,1112800
2016-02-17,70.45,70.48,69.03,69.64,62.3,1069700
2016-02-18,69.33,71.19,69.08,70.82,63.74,1220900
2016-02-19,70.29,70.89,69.87,70.1,63.1,890400
2016-02-22,70.19,70.46,69.99,70.36,63.33,795900
2016-02-23,70.36,71.05,70.18,70.45,63.41,604200
2016-02-24,70.45,71.1,69.27,71.06,63.96,1308400
2016-02-25,71.42,71.9,71.04,71.62,64.46,641000
2016-02-26,71.32,71.53,69.81,70.15,63.14,879800
2016-02-29,70.05,70.33,68.15,69.41,62.47,6854300
2016-03-01,69.74,69.98,68.95,69.27,62.35,905900
2016-03-02,69.3,70.36,68.6,70.33,63.3,746400
2016-03-03,70.29,70.3,69.12,69.62,62.66,972200
2016-03-04,69.15,71.08,69.14,70.7,63.64,1028600
2016-03-07,70.31,70.87,70.08,70.68,63.62,816900
2016-03-08,71.16,71.35,70.6,70.78,63.71,710300
2016-03-09,70.57,71.47,70.27,70.91,63.82,613100
2016-03-10,70.99,71.28,70.39,70.93,63.84,761600
2016-03-11,71.14,71.3,70.64,70.95,63.86,666200
2016-03-14,71.09,71.4,70.51,71.29,64.17,491400
2016-03-15,71.08,72.1,71.08,71.72,64.55,579700
2016-03-16,71.6,72.4,71.03,72.35,65.12,681000
2016-03-17,72.35,73.16,72.09,72.94,65.65,663300
2016-03-18,72.44,72.75,71.22,72.08,64.88,1648300
2016-03-21,71.81,72.0,71.0,71.32,64.19,593000
2016-03-22,71.51,71.89,71.14,71.61,64.46,451500
2016-03-23,71.7,72.04,71.09,71.84,64.66,380300
2016-03-24,71.88,72.52,71.64,72.38,65.15,491200
2016-03-28,72.74,72.98,72.11,72.57,65.32,384600
2016-03-29,72.81,74.38,72.29,74.33,66.9,665000
2016-03-30,74.6,74.6,73.85,74.05,66.65,499300
2016-03-31,73.94,74.44,73.47,74.26,66.84,801200
2016-04-01,73.98,74.86,73.62,74.56,67.11,791600
2016-04-04,74.84,74.84,73.81,74.38,66.95,696200
2016-04-05,74.36,74.36,73.07,73.21,65.9,473300
2016-04-06,73.04,73.49,72.8,73.48,66.14,496200
2016-04-07,73.45,73.84,73.13,73.64,66.28,1378800
2016-04-08,73.7,74.57,73.34,74.19,66.78,579500
2016-04-11,74.34,74.62,73.62,73.74,66.37,397500
2016-04-12,73.69,74.4,73.49,73.99,66.6,635900
2016-04-13,74.16,74.16,73.22,73.89,66.51,356600
2016-04-14,73.89,74.33,73.1,73.1,65.8,484700
2016-04-15,73.24,73.94,73.12,73.63,66.27,678100
2016-04-18,73.89,73.89,73.42,73.68,66.32,382300
2016-04-19,73.68,74.27,73.39,74.04,66.64,379800
2016-04-20,74.11,74.49,72.55,72.62,65.36,346900
2016-04-21,72.42,72.42,70.41,70.6,63.55,473600
2016-04-22,70.59,71.46,70.48,71.31,64.19,415900
2016-04-25,71.18,71.53,71.0,71.32,64.19,389500
2016-04-26,71.49,72.04,71.39,71.71,64.55,358200
2016-04-27,71.81,72.49,71.05,71.8,64.63,379500
2016-04-28,71.41,72.48,71.3,72.07,64.87,307500
2016-04-29,71.69,72.69,71.2,72.55,65.3,629500
2016-05-02,72.74,73.32,72.56,72.95,65.66,623400
2016-05-03,73.28,73.49,72.68,72.82,65.54,524200
2016-05-04,72.96,74.83,72.65,74.09,66.69,643400
2016-05-05,72.19,74.85,72.12,73.57,66.22,925800
2016-05-06,73.58,73.86,72.8,73.59,66.24,578200
2016-05-09,73.9,74.63,73.65,74.3,66.88,541600
2016-05-10,74.4,75.05,74.22,74.46,67.02,402900
2016-05-11,74.5,74.96,74.13,74.53,67.08,568800
2016-05-12,74.34,74.71,74.13,74.49,67.05,1216100
2016-05-13,74.53,75.02,73.83,74.26,66.84,812300
2016-05-16,74.42,75.1,74.0,74.99,67.5,998200
2016-05-17,74.83,74.83,72.42,72.76,65.49,597600
2016-05-18,72.3,73.33,71.56,71.77,64.6,590900
2016-05-19,71.08,71.96,70.84,71.89,65.09,404000
2016-05-20,72.0,72.21,71.48,72.1,65.28,513600
2016-05-23,72.16,72.3,71.43,71.46,64.7,324800
2016-05-24,71.48,72.48,70.92,72.42,65.57,745500
2016-05-25,72.26,72.53,71.78,71.86,65.06,484600
2016-05-26,71.96,72.45,71.87,72.37,65.52,479700
2016-05-27,72.52,72.7,71.89,72.69,65.81,506600
2016-05-31,72.73,73.14,72.36,72.9,66.0,1013100
2016-06-01,72.9,73.5,72.62,72.91,66.01,536200
2016-06-02,73.02,73.02,72.42,72.7,65.82,552500
2016-06-03,73.49,74.95,73.23,74.73,67.66,565800
2016-06-06,74.99,75.06,74.13,74.36,67.32,536800
2016-06-07,74.33,74.81,73.08,74.46,67.41,355200
2016-06-08,74.6,75.06,74.35,74.9,67.81,331100
2016-06-09,75.0,76.49,74.9,76.39,69.16,277100
2016-06-10,76.4,76.62,75.86,75.95,68.76,329400
2016-06-13,76.02,76.33,75.58,75.74,68.57,389900
2016-06-14,75.8,76.3,75.45,76.27,69.05,488100
2016-06-15,76.37,76.38,75.3,76.0,68.81,550900
2016-06-16,75.9,76.58,75.77,76.33,69.11,268900
2016-06-17,75.94,76.21,75.28,75.98,68.79,607900
2016-06-20,75.98,76.35,75.52,76.18,68.97,396500
2016-06-21,76.18,76.92,75.8,76.63,69.38,331800
2016-06-22,76.85,76.9,76.36,76.54,69.3,494500
2016-06-23,76.69,76.93,76.27,76.93,69.65,328600
2016-06-24,76.28,77.95,75.85,77.05,69.76,543400
2016-06-27,76.83,78.13,76.8,77.87,70.5,498700
2016-06-28,78.03,78.25,77.12,78.23,70.83,445800
2016-06-29,78.59,79.26,78.35,78.47,71.05,423700
2016-06-30,78.85,81.35,78.69,81.32,73.63,1146700
2016-07-01,81.97,81.97,79.72,80.47,72.86,594200
2016-07-05,80.69,81.25,80.07,81.13,73.45,714700
2016-07-06,81.1,81.56,80.47,81.16,73.48,879300
2016-07-07,80.7,80.7,79.48,79.6,72.07,465700
2016-07-08,79.52,80.03,78.69,80.0,72.43,532000
2016-07-11,79.71,80.12,79.1,80.09,72.51,516300
2016-07-12,79.53,80.41,79.17,79.91,72.35,568300
2016-07-13,80.49,81.0,80.13,80.74,73.1,367500
2016-07-14,80.08,80.58,79.83,80.09,72.51,433700
2016-07-15,80.16,80.6,79.78,80.06,72.48,346000
2016-07-18,80.14,80.38,79.72,79.9,72.34,258500
2016-07-19,80.04,80.04,79.7,79.93,72.37,246400
2016-07-20,79.94,80.04,79.61,79.66,72.12,212600
2016-07-21,79.45,79.93,78.94,79.74,72.2,276900
2016-07-22,79.62,80.61,79.53,80.51,72.89,230000
2016-07-25,80.13,80.15,79.63,79.95,72.39,291300
2016-07-26,80.05,80.25,79.39,79.59,72.06,248400
2016-07-27,79.59,79.69,78.39,78.84,71.38,515700
2016-07-28,78.8,79.53,78.51,79.3,71.8,335600
2016-07-29,79.38,80.08,79.33,79.79,72.24,560700
2016-08-01,79.66,79.75,79.08,79.42,71.91,284000
2016-08-02,79.15,79.4,78.65,79.22,71.72,375200
2016-08-03,79.34,79.46,78.23,78.91,71.44,376300
2016-08-04,77.94,80.18,77.9,79.01,71.53,463200
2016-08-05,78.97,78.97,77.71,78.12,70.73,375900
2016-08-08,77.97,78.47,77.33,77.62,70.28,352600
2016-08-09,77.56,77.93,77.29,77.41,70.09,301100
2016-08-10,77.56,77.79,77.21,77.39,70.07,323500
2016-08-11,77.35,77.77,77.19,77.35,70.03,219200
2016-08-12,77.69,78.0,77.15,77.26,69.95,176600
2016-08-15,77.27,77.37,75.67,75.77,68.6,470700
2016-08-16,75.5,75.6,74.26,74.28,67.25,495400
2016-08-17,74.23,75.33,73.87,75.25,68.13,461100
2016-08-18,75.01,76.01,74.83,76.01,69.2,565200
2016-08-19,75.14,75.65,74.5,75.09,68.37,393500
2016-08-22,75.22,75.49,74.98,75.23,68.49,303100
2016-08-23,75.31,75.8,74.85,74.9,68.19,354300
2016-08-24,74.84,74.97,74.11,74.72,68.03,355000
2016-08-25,74.67,75.21,74.02,74.92,68.21,313000
2016-08-26,75.03,75.53,73.61,73.79,67.18,276000
2016-08-29,73.99,74.93,73.99,74.49,67.82,303100
2016-08-30,74.66,75.27,73.71,73.89,67.27,340600
2016-08-31,73.8,74.23,73.25,73.7,67.1,422600
2016-09-01,73.68,73.85,73.05,73.25,66.69,275400
2016-09-02,73.35,74.41,73.13,73.97,67.35,533600
2016-09-06,74.28,74.94,74.08,74.69,68.0,494200
2016-09-07,74.73,76.14,74.32,75.51,68.75,429100
2016-09-08,75.33,75.77,74.99,75.39,68.64,330900
2016-09-09,74.59,75.05,71.86,71.88,65.44,545300
2016-09-12,71.77,73.33,71.61,73.23,66.67,696300
2016-09-13,72.97,73.05,72.18,72.59,66.09,742400
2016-09-14,72.72,73.31,72.28,72.64,66.14,759800
2016-09-15,72.69,73.59,72.6,73.51,66.93,524800
2016-09-16,73.24,74.22,72.9,74.09,67.46,866900
2016-09-19,74.09,75.49,74.09,75.45,68.69,497000
2016-09-20,75.92,76.0,75.15,75.2,68.47,620800
2016-09-21,75.42,76.94,75.29,76.86,69.98,386400
2016-09-22,77.42,77.72,76.65,77.65,70.7,620000
2016-09-23,77.24,77.52,76.64,76.64,69.78,475500
2016-09-26,76.59,77.06,76.41,76.67,69.81,275600
2016-09-27,76.75,77.13,75.78,75.91,69.11,330800
2016-09-28,75.99,76.17,75.18,75.84,69.05,276500
2016-09-29,75.87,75.87,74.45,74.88,68.18,378700
2016-09-30,75.3,75.33,73.96,74.47,67.8,635500
2016-10-03,74.34,74.39,73.25,73.73,67.13,489700
2016-10-04,73.64,73.79,70.75,71.27,64.89,578900
2016-10-05,71.43,71.74,70.46,70.61,64.29,581300
2016-10-06,70.54,71.07,70.03,70.74,64.41,504700
2016-10-07,71.16,71.56,69.9,70.07,63.8,574800
2016-10-10,69.92,70.96,69.68,70.7,64.37,385000
2016-10-11,70.45,70.52,68.93,68.96,62.79,592700
2016-10-12,69.06,70.18,69.06,70.03,63.76,330100
2016-10-13,70.14,71.55,70.14,71.01,64.65,527200
2016-10-14,70.84,71.63,70.42,71.08,64.72,479500
2016-10-17,71.19,71.74,71.02,71.68,65.26,263100
2016-10-18,71.96,72.44,71.08,72.17,65.71,458600
2016-10-19,72.22,72.64,71.67,72.32,65.84,363900
2016-10-20,72.29,72.88,71.86,72.17,65.71,438100
2016-10-21,71.77,72.02,71.3,71.72,65.3,295800
2016-10-24,72.24,72.38,71.57,71.85,65.42,229000
2016-10-25,71.72,72.16,71.54,72.14,65.68,256500
2016-10-26,71.99,72.45,71.6,72.38,65.9,224800
2016-10-27,72.02,72.37,71.3,71.86,65.43,313200
2016-10-28,71.92,72.59,71.77,71.98,65.54,240900
2016-10-31,72.64,74.65,72.19,74.39,67.73,1093000
2016-11-01,74.28,74.28,71.93,71.95,65.51,340800
2016-11-02,71.9,71.97,70.73,70.88,64.53,366600
2016-11-03,70.52,71.77,70.12,71.36,64.97,316200
2016-11-04,71.75,72.34,70.97,70.97,64.62,352700
2016-11-07,71.54,72.82,71.05,72.75,66.24,328000
2016-11-08,72.63,73.94,72.63,73.17,66.62,410200
2016-11-09,71.75,72.72,71.26,72.07,65.62,343400
2016-11-10,72.39,73.05,68.51,70.47,64.16,824000
2016-11-11,70.29,71.48,70.25,70.57,64.25,581500
2016-11-14,70.08,71.01,69.5,70.91,64.56,563600
2016-11-15,71.13,72.01,71.01,71.45,65.05,582200
2016-11-16,71.34,71.97,70.73,71.28,64.9,486300
2016-11-17,70.9,71.73,70.84,71.27,64.89,384700
2016-11-18,71.62,72.23,71.32,71.63,65.22,623400
2016-11-21,71.89,73.19,71.65,72.84,66.32,579400
2016-11-22,72.72,73.25,72.18,72.38,65.9,578000
2016-11-23,71.09,71.99,71.09,71.55,65.55,426900
2016-11-25,71.72,72.92,71.72,72.89,66.78,258300
2016-11-28,73.13,73.17,72.48,72.7,66.6,642500
2016-11-29,72.51,74.3,72.37,74.15,67.93,738400
2016-11-30,72.8,73.57,71.12,71.12,65.16,965800
2016-12-01,70.95,71.49,69.57,70.16,64.28,783600
2016-12-02,70.65,71.72,70.65,71.47,65.48,579100
2016-12-05,71.34,71.34,70.27,71.15,65.18,430300
2016-12-06,71.33,71.53,70.77,71.06,65.1,434300
2016-12-07,71.52,72.31,71.06,72.31,66.25,632400
2016-12-08,71.62,73.15,70.98,73.1,66.97,450900
2016-12-09,73.25,73.53,72.67,73.23,67.09,301900
2016-12-12,72.95,74.05,72.84,73.97,67.77,504800
2016-12-13,74.21,74.78,73.8,73.95,67.75,460400
2016-12-14,74.35,74.56,72.4,72.41,66.34,485800
2016-12-15,72.13,73.21,72.02,73.0,66.88,453500
2016-12-16,73.22,74.44,73.14,74.16,67.94,1598000
2016-12-19,74.57,74.72,73.63,74.11,67.9,476000
2016-12-20,74.15,74.86,73.91,74.42,68.18,418100
2016-12-21,74.18,75.0,74.09,74.27,68.04,233500
2016-12-22,74.32,74.82,73.86,74.66,68.4,314600
2016-12-23,74.82,74.99,74.42,74.61,68.35,204500
2016-12-27,74.2,75.25,73.74,74.73,68.46,255500
2016-12-28,74.8,74.8,73.5,73.69,67.51,259000
2016-12-29,73.85,74.86,73.85,74.65,68.39,360700
2016-12-30,74.74,74.88,73.99,74.15,67.93,331500
2017-01-03,74.34,74.55,73.65,74.55,68.3,451500
2017-01-04,74.66,75.79,74.66,74.97,68.68,663700
2017-01-05,74.89,75.5,74.01,74.6,68.35,398700
2017-01-06,74.36,74.6,74.01,74.17,67.95,510500
2017-01-09,74.33,74.33,73.15,73.21,67.07,318500
2017-01-10,73.24,73.54,72.54,73.29,67.15,459000
2017-01-11,73.08,74.09,73.08,74.09,67.88,338500
2017-01-12,74.01,74.74,73.21,74.51,68.26,490700
2017-01-13,74.26,75.09,74.25,74.86,68.58,391200
2017-01-17,75.21,75.5,74.57,74.74,68.47,343100
2017-01-18,74.69,75.78,74.69,75.24,68.93,410900
2017-01-19,74.75,75.4,74.1,74.26,68.03,351800
2017-01-20,74.32,74.85,74.13,74.71,68.45,349300
2017-01-23,74.77,74.99,74.09,74.39,68.15,296800
2017-01-24,74.42,75.29,74.02,75.14,68.84,414400
2017-01-25,74.78,75.59,74.7,74.98,68.69,443800
2017-01-26,75.05,75.88,75.0,75.7,69.35,368300
2017-01-27,75.69,76.14,75.11,75.34,69.02,210800
2017-01-30,75.06,75.39,74.45,74.82,68.55,263200
2017-01-31,74.9,76.26,74.71,76.18,69.79,497400
2017-02-01,75.69,76.23,74.3,74.56,68.31,346300
2017-02-02,74.59,75.22,74.4,75.08,68.79,437200
2017-02-03,75.57,75.94,75.17,75.88,69.52,252800
2017-02-06,76.14,76.14,75.07,75.24,68.93,363700
2017-02-07,75.17,76.07,75.17,75.97,69.6,530100
2017-02-08,75.87,75.87,72.58,75.48,69.15,814900
2017-02-09,75.62,75.99,75.12,75.15,68.85,382000
2017-02-10,75.0,75.53,74.81,75.45,69.12,350000
2017-02-13,75.54,75.71,75.12,75.63,69.29,228100
2017-02-14,75.02,75.65,75.02,75.24,68.93,360100
2017-02-15,74.49,75.72,74.47,75.69,69.34,306800
2017-02-16,75.88,76.21,75.4,75.9,69.54,333200
2017-02-17,75.73,76.09,75.07,76.04,69.66,405600
2017-02-21,75.66,77.04,75.62,77.04,70.58,425000
2017-02-22,76.95,77.46,76.75,77.25,70.77,400400
2017-02-23,77.07,77.89,76.84,77.78,71.68,361700
2017-02-24,77.75,78.56,77.67,78.18,72.05,314700
2017-02-27,78.05,78.41,77.95,78.27,72.13,280500
2017-02-28,78.24,78.76,77.89,78.29,72.15,532500
2017-03-01,77.39,78.82,76.09,78.62,72.45,409800
2017-03-02,78.45,79.19,78.35,78.84,72.65,372000
2017-03-03,78.84,78.88,77.9,78.4,72.25,344200
2017-03-06,78.33,78.33,77.85,78.13,72.0,247100
2017-03-07,77.95,78.28,77.79,78.01,71.89,278900
2017-03-08,77.2,77.73,76.56,76.63,70.62,321300
2017-03-09,76.86,77.03,76.17,76.25,70.27,333000
2017-03-10,76.88,77.86,76.53,77.83,71.72,466400
2017-03-13,77.66,78.16,77.48,78.14,72.01,314000
2017-03-14,78.12,78.38,77.81,78.33,72.18,415300
2017-03-15,78.63,80.36,78.63,79.95,73.68,480200
2017-03-16,79.99,79.99,79.06,79.46,73.22,384300
2017-03-17,79.39,80.24,79.14,79.93,73.66,1187600
2017-03-20,80.03,80.47,78.56,78.67,72.5,298300
2017-03-21,78.68,80.01,78.57,79.9,73.63,463200
2017-03-22,79.88,80.17,79.18,79.87,73.6,448000
2017-03-23,79.77,80.55,79.58,80.15,73.86,329700
2017-03-24,80.27,80.41,79.95,80.14,73.85,282400
2017-03-27,80.14,80.46,79.21,80.31,74.01,262500
2017-03-28,79.97,80.56,79.73,80.4,74.09,337300
2017-03-29,80.24,80.24,79.74,79.85,73.58,347300
2017-03-30,79.97,79.97,78.87,79.0,72.8,470100
2017-03-31,78.98,79.44,78.76,78.99,72.79,489500
2017-04-03,78.9,79.02,78.42,78.9,72.71,408100
2017-04-04,78.77,79.92,78.62,79.65,73.4,402800
2017-04-05,79.71,80.12,79.26,80.03,73.75,329000
2017-04-06,80.17,80.44,79.43,80.35,74.04,224300
2017-04-07,80.34,80.68,80.07,80.12,73.83,184500
2017-04-10,80.17,80.27,79.69,80.24,73.94,200800
2017-04-11,80.28,80.56,79.88,80.49,74.17,304700
2017-04-12,80.27,80.65,79.98,80.49,74.17,287700
2017-04-13,80.5,80.5,79.52,80.15,73.86,313200
2017-04-17,80.3,81.04,79.95,81.0,74.64,184800
2017-04-18,81.14,81.15,80.28,80.82,74.48,329500
2017-04-19,80.79,80.79,79.91,80.06,73.78,278300
2017-04-20,80.08,80.14,79.4,79.92,73.65,254000
2017-04-21,79.83,80.28,79.62,79.83,73.57,385700
2017-04-24,80.12,80.23,79.64,80.01,73.73,375600
2017-04-25,79.91,80.7,79.26,80.46,74.15,268900
2017-04-26,80.5,81.68,80.24,81.27,74.89,404100
2017-04-27,81.47,82.07,81.29,81.4,75.01,302700
2017-04-28,81.37,81.37,80.35,81.02,74.66,891800
2017-05-01,81.28,81.28,80.49,80.71,74.38,357900
2017-05-02,80.65,81.47,80.49,80.72,74.39,266500
2017-05-03,80.45,80.69,79.98,80.11,73.82,236600
2017-05-04,80.6,81.46,78.55,81.38,74.99,433000
2017-05-05,81.88,82.37,81.43,82.17,75.72,356400
2017-05-08,82.35,82.74,81.6,81.91,75.48,282600
2017-05-09,81.79,81.8,80.46,80.55,74.23,330900
2017-05-10,80.61,81.16,80.41,80.89,74.54,237500
2017-05-11,80.52,80.82,80.17,80.79,74.45,350900
2017-05-12,81.0,81.54,80.63,81.34,74.96,378800
2017-05-15,81.25,81.71,81.09,81.36,74.98,319200
2017-05-16,81.45,81.63,80.24,80.33,74.03,253400
2017-05-17,80.33,80.96,79.89,80.55,74.23,420100
2017-05-18,80.24,80.77,79.47,80.36,74.47,326900
2017-05-19,80.52,81.21,79.83,81.08,75.14,244600
2017-05-22,81.12,81.75,80.65,81.53,75.55,395800
2017-05-23,81.66,82.34,81.3,82.09,76.07,331700
2017-05-24,82.21,82.5,81.9,82.16,76.14,288000
2017-05-25,82.3,83.24,82.0,83.1,77.01,356000
2017-05-26,83.14,83.3,82.63,82.85,76.78,368900
2017-05-30,82.94,83.37,82.49,83.19,77.09,279400
2017-05-31,83.24,83.62,82.98,83.31,77.2,1013100
2017-06-01,83.29,85.98,83.15,84.42,78.23,473500
2017-06-02,84.95,85.2,84.27,84.88,78.66,280100
2017-06-05,84.71,84.83,83.85,83.88,77.73,261600
2017-06-06,84.01,84.26,83.78,84.1,77.94,421500
2017-06-07,84.2,84.29,83.74,83.79,77.65,366900
2017-06-08,83.53,83.82,82.59,83.54,77.42,439400
2017-06-09,83.49,83.82,83.03,83.64,77.51,308500
2017-06-12,83.67,84.02,83.66,83.9,77.75,315400
2017-06-13,84.08,84.85,83.71,84.33,78.15,354800
2017-06-14,84.89,85.41,84.56,85.09,78.85,349000
2017-06-15,84.76,85.22,84.34,85.1,78.86,363500
2017-06-16,85.12,85.61,84.8,85.54,79.27,662700
2017-06-19,85.41,85.51,84.71,85.06,78.83,281000
2017-06-20,84.99,85.06,84.39,84.56,78.36,674800
2017-06-21,84.58,84.58,83.71,83.88,77.73,214900
2017-06-22,83.87,84.14,83.39,83.45,77.33,237300
2017-06-23,83.46,84.13,83.41,83.51,77.39,547000
2017-06-26,83.82,84.46,83.25,84.31,78.13,476400
2017-06-27,83.92,84.35,83.02,83.49,77.37,421600
2017-06-28,83.9,84.38,83.31,83.35,77.24,402400
2017-06-29,82.98,83.0,82.14,82.75,76.68,546800
2017-06-30,82.99,83.42,82.92,82.95,76.87,381200
2017-07-03,83.38,83.62,82.69,82.95,76.87,229000
2017-07-05,82.83,83.11,82.14,82.68,76.62,421800
2017-07-06,82.35,82.92,82.15,82.71,76.65,499700
2017-07-07,82.71,84.07,82.66,83.68,77.55,388100
2017-07-10,83.96,84.06,83.3,83.37,77.26,664600
2017-07-11,83.54,83.64,82.35,82.42,76.38,363900
2017-07-12,83.34,83.96,83.24,83.75,77.61,317400
2017-07-13,83.86,83.86,82.72,83.23,77.13,279500
2017-07-14,83.8,84.41,83.46,83.79,77.65,358000
2017-07-17,83.83,84.1,83.56,84.0,77.84,264200
2017-07-18,84.23,84.3,83.69,84.08,77.92,236700
2017-07-19,84.21,84.71,83.92,84.59,78.39,278200
2017-07-20,85.05,85.68,84.56,85.53,79.26,675800
2017-07-21,85.71,86.24,85.43,86.22,79.9,176300
2017-07-24,86.22,86.22,85.58,85.95,79.65,203800
2017-07-25,86.0,86.98,85.87,86.9,80.53,504700
2017-07-26,86.77,87.09,86.49,86.77,80.41,280500
2017-07-27,86.66,87.22,86.33,87.02,80.64,254800
2017-07-28,87.02,87.22,86.3,86.57,80.22,220400
2017-07-31,86.65,86.93,86.12,86.76,80.4,563900
2017-08-01,86.94,87.43,86.63,87.38,80.98,347400
2017-08-02,87.38,88.69,86.96,88.69,82.19,307900
2017-08-03,87.3,88.22,86.3,87.41,81.0,531800
2017-08-04,87.31,87.8,86.79,87.19,80.8,368400
2017-08-07,87.27,87.4,86.73,86.88,80.51,290200
2017-08-08,86.99,87.59,86.64,87.59,81.17,426100
2017-08-09,87.65,88.1,87.15,87.43,81.02,489000
2017-08-10,87.26,87.88,87.01,87.67,81.24,222900
2017-08-11,87.67,87.73,86.85,87.16,80.77,263000
2017-08-14,87.35,87.84,87.31,87.74,81.31,215000
2017-08-15,87.27,88.21,87.27,87.78,81.35,355000
2017-08-16,87.92,88.61,87.8,88.4,81.92,245200
2017-08-17,87.92,88.04,87.44,87.46,81.46,290000
2017-08-18,87.31,87.46,86.83,87.12,81.15,293500
2017-08-21,87.19,87.76,87.04,87.59,81.59,321300
2017-08-22,87.55,88.19,87.29,88.18,82.13,198600
2017-08-23,88.12,88.35,87.66,88.28,82.23,158800
2017-08-24,88.28,88.58,87.82,88.41,82.35,220300
2017-08-25,88.52,88.81,88.35,88.47,82.41,198100
2017-08-28,88.59,88.72,88.19,88.69,82.61,196900
2017-08-29,88.77,89.0,88.14,88.19,82.14,198200
2017-08-30,88.53,88.71,87.87,87.98,81.95,269800
2017-08-31,88.19,88.42,87.88,88.04,82.0,433400
2017-09-01,88.45,88.45,87.82,88.16,82.12,240500
2017-09-05,88.32,88.62,87.71,88.02,81.99,258800
2017-09-06,88.19,88.32,86.63,86.73,80.78,504700
2017-09-07,87.06,87.49,86.66,87.4,81.41,450400
2017-09-08,87.31,87.43,86.76,87.22,81.24,480300
2017-09-11,87.28,88.17,87.27,88.01,81.98,297400
2017-09-12,87.96,88.03,86.43,86.74,80.79,212000
2017-09-13,86.74,86.89,85.83,85.9,80.01,350100
2017-09-14,85.93,87.15,85.59,86.95,80.99,523500
2017-09-15,87.12,87.36,86.67,87.13,81.16,544000
2017-09-18,87.12,87.2,86.04,86.5,80.57,222200
2017-09-19,86.54,86.85,85.8,85.93,80.04,346500
2017-09-20,86.12,86.14,84.69,85.08,79.25,444700
2017-09-21,85.11,85.45,84.45,84.55,78.75,276100
2017-09-22,84.72,84.88,83.76,83.89,78.14,302000
2017-09-25,83.77,85.2,83.77,85.0,79.17,282100
2017-09-26,84.86,85.96,84.65,85.4,79.55,298600
2017-09-27,84.87,85.18,83.37,84.1,78.33,444800
2017-09-28,83.98,84.34,83.41,84.3,78.52,292200
2017-09-29,84.17,84.38,83.8,83.84,78.09,384500
2017-10-02,84.07,84.73,83.6,84.67,78.87,280500
2017-10-03,84.78,84.78,84.07,84.41,78.62,321100
2017-10-04,84.53,84.77,84.12,84.67,78.87,269200
2017-10-05,84.73,85.16,84.55,84.8,78.99,272400
2017-10-06,84.55,85.24,84.41,85.23,79.39,312400
2017-10-09,85.27,85.69,85.04,85.36,79.51,229700
2017-10-10,85.5,86.03,85.3,85.89,80.0,249000
2017-10-11,85.84,86.82,85.84,86.2,80.29,225200
2017-10-12,86.19,87.08,86.19,86.79,80.84,300400
2017-10-13,87.09,87.41,86.24,86.29,80.37,212100
2017-10-16,86.28,86.89,85.93,86.25,80.34,301900
2017-10-17,86.19,86.83,86.08,86.22,80.31,316900
2017-10-18,86.05,86.61,85.58,86.43,80.5,268500
2017-10-19,86.49,87.1,86.18,87.08,81.11,304200
2017-10-20,87.01,87.26,86.35,86.87,80.91,331900
2017-10-23,86.93,86.93,86.47,86.58,80.64,238300
2017-10-24,86.6,86.65,85.82,86.31,80.39,229000
2017-10-25,86.24,86.24,84.84,86.04,80.14,319500
2017-10-26,86.46,86.86,86.06,86.36,80.44,242900
2017-10-27,86.31,87.29,86.06,87.29,81.31,271700
2017-10-30,87.21,87.36,86.63,86.94,80.98,282400
2017-10-31,87.0,87.64,86.56,87.24,81.26,547400
2017-11-01,87.52,87.82,86.63,86.97,81.01,339200
2017-11-02,86.93,87.51,86.44,86.52,80.59,323200
2017-11-03,86.46,87.79,86.33,87.59,81.59,390300
2017-11-06,87.53,88.14,87.15,87.84,81.82,303800
2017-11-07,88.06,88.76,87.72,88.57,82.5,640400
2017-11-08,88.64,89.25,88.19,89.24,83.12,353400
2017-11-09,89.42,90.39,89.17,89.79,83.63,496600
2017-11-10,89.46,89.78,88.92,89.16,83.05,459600
2017-11-13,89.25,90.13,89.07,89.54,83.4,487600
2017-11-14,89.4,90.78,89.34,90.54,84.33,319700
2017-11-15,90.69,91.0,89.49,89.57,83.43,435800
2017-11-16,89.79,90.14,88.96,89.95,83.78,579200
2017-11-17,89.88,89.96,88.92,89.33,83.21,462000
2017-11-20,89.52,89.58,88.83,89.11,83.0,371700
2017-11-21,89.5,89.85,89.17,89.42,83.29,459500
2017-11-22,89.5,89.59,88.62,89.1,82.99,343200
2017-11-24,88.94,88.98,88.14,88.72,83.09,137300
2017-11-27,88.72,89.51,88.17,89.5,83.82,346900
2017-11-28,89.7,90.83,89.63,90.27,84.54,481800
2017-11-29,89.5,90.78,89.15,90.51,84.77,1696400
2017-11-30,90.96,92.41,90.67,92.29,86.43,1197000
2017-12-01,92.45,92.73,91.24,92.24,86.39,453000
2017-12-04,92.61,93.56,91.62,91.7,85.88,847700
2017-12-05,91.83,92.18,91.05,91.45,85.65,806700
2017-12-06,91.59,91.98,91.41,91.43,85.63,381900
2017-12-07,91.43,91.67,90.84,91.56,85.75,742500
2017-12-08,91.34,91.93,91.34,91.8,85.97,521200
2017-12-11,91.8,92.22,91.27,91.91,86.08,657900
2017-12-12,91.8,92.02,89.26,89.28,83.61,536200
2017-12-13,89.43,90.42,89.43,89.96,84.25,626700
2017-12-14,89.67,90.53,89.06,89.42,83.75,689000
2017-12-15,89.64,90.68,88.25,89.37,83.7,1657300
2017-12-18,89.42,90.14,88.45,88.71,83.08,540400
2017-12-19,88.42,88.61,86.96,87.19,81.66,785900
2017-12-20,87.06,87.47,86.23,86.55,81.06,599100
2017-12-21,86.34,86.54,84.86,84.86,79.48,564100
2017-12-22,85.08,85.56,84.77,85.09,79.69,332700
2017-12-26,84.83,85.37,84.52,84.6,79.23,570300
2017-12-27,84.69,85.72,84.69,84.99,79.6,524900
2017-12-28,85.14,85.64,84.95,85.59,80.16,664700
2017-12-29,85.63,86.14,85.4,85.89,80.44,775000
2018-01-02,85.93,86.12,85.0,85.04,79.64,668800
2018-01-03,84.81,85.49,84.21,84.34,78.99,460400
2018-01-04,84.34,85.22,83.98,83.98,78.65,386900
2018-01-05,84.03,84.18,83.07,83.19,77.91,377700
2018-01-08,83.18,83.57,82.88,83.45,78.15,759800
2018-01-09,83.63,83.7,82.5,82.59,77.35,579100
2018-01-10,82.3,82.3,80.7,80.8,75.67,475300
2018-01-11,80.6,81.15,79.97,80.0,74.92,617700
2018-01-12,79.62,80.39,79.11,79.84,74.77,738000
2018-01-16,79.93,80.77,79.69,80.1,75.02,635200
2018-01-17,80.39,81.14,80.24,80.82,75.69,836300
2018-01-18,80.51,81.22,79.72,80.69,75.57,1005100
2018-01-19,80.86,81.47,80.39,80.83,75.7,837100
2018-01-22,80.97,81.61,80.9,81.4,76.23,620600
2018-01-23,81.55,82.52,81.15,82.26,77.04,957100
2018-01-24,82.14,82.52,81.95,82.25,77.03,624100
2018-01-25,82.03,83.1,81.86,82.91,77.65,552600
2018-01-26,83.0,83.32,82.46,83.02,77.75,643000
2018-01-29,82.7,83.22,82.0,82.37,77.14,876300
2018-01-30,82.47,83.18,82.39,82.48,77.25,692900
2018-01-31,82.79,82.91,81.93,82.9,77.64,1390000
2018-02-01,83.06,83.3,81.91,82.29,77.07,588000
2018-02-02,81.78,82.21,81.12,81.5,76.33,869000
2018-02-05,81.24,81.9,79.26,79.31,74.28,1001900
2018-02-06,78.55,79.11,76.46,78.03,73.08,1053900
2018-02-07,79.31,80.83,78.19,78.48,73.5,1071500
2018-02-08,78.68,80.32,78.0,78.95,73.94,1126100
2018-02-09,79.31,81.61,79.13,81.11,75.96,736400
2018-02-12,81.3,81.46,79.46,80.39,75.29,996800
2018-02-13,80.18,80.64,79.13,80.42,75.32,552000
2018-02-14,79.91,80.69,79.38,80.24,75.15,499000
2018-02-15,80.6,81.96,80.29,81.92,76.72,479400
2018-02-16,82.01,83.24,81.86,82.96,77.7,550900
2018-02-20,82.53,83.48,81.34,82.07,76.86,599000
2018-02-21,82.06,82.8,81.02,81.04,75.9,582500
2018-02-22,81.09,81.82,80.7,80.86,75.73,470500
2018-02-23,80.81,82.62,80.52,82.59,77.82,504900
2018-02-26,82.71,82.85,81.63,82.19,77.44,238400
2018-02-27,82.45,82.67,81.05,81.05,76.37,349800
2018-02-28,81.24,81.78,80.46,80.49,75.84,503500
2018-03-01,80.54,81.87,79.88,80.15,75.52,803900
2018-03-02,80.1,81.19,78.75,79.19,74.61,636900
2018-03-05,79.1,80.82,79.01,80.61,75.95,589700
2018-03-06,80.44,80.87,79.57,80.04,75.41,825100
2018-03-07,79.96,80.63,79.27,79.46,74.87,797400
2018-03-08,79.85,80.3,79.37,79.82,75.21,504800
2018-03-09,79.76,80.27,79.32,80.23,75.59,475000
2018-03-12,80.14,81.2,80.14,81.13,76.44,407300
2018-03-13,81.35,81.86,80.61,81.02,76.34,639400
2018-03-14,81.18,81.98,80.79,81.34,76.64,579200
2018-03-15,81.39,82.41,81.02,81.47,76.76,493200
2018-03-16,81.36,83.13,81.25,82.86,78.07,1256800
2018-03-19,82.74,82.84,81.4,81.7,76.98,353800
2018-03-20,81.78,82.12,80.86,81.27,76.57,388400
2018-03-21,81.31,82.76,81.12,81.38,76.68,315200
2018-03-22,81.31,82.76,81.13,81.17,76.48,577000
2018-03-23,81.4,81.99,79.84,80.03,75.4,547900
2018-03-26,80.37,81.81,79.49,81.69,76.97,742100
2018-03-27,82.08,83.83,81.57,83.13,78.32,804000
2018-03-28,83.38,83.9,82.54,83.7,78.86,810000
2018-03-29,83.85,84.46,83.55,84.24,79.37,799900
2018-04-02,84.31,84.76,82.26,82.85,78.06,442200
2018-04-03,83.03,84.41,82.3,83.99,79.14,458000
2018-04-04,83.53,84.06,82.93,83.7,78.86,385100
2018-04-05,83.52,84.69,82.88,84.53,79.64,372000
2018-04-06,84.85,84.98,83.81,84.15,79.29,546400
2018-04-09,84.26,84.67,83.83,84.18,79.31,319000
2018-04-10,84.26,84.44,83.83,84.06,79.2,596800
2018-04-11,84.06,84.29,83.41,83.84,78.99,368400
2018-04-12,83.79,83.98,82.53,82.68,77.9,297900
2018-04-13,82.96,83.55,82.63,83.38,78.56,417100
2018-04-16,83.52,84.9,83.45,84.68,79.79,451800
2018-04-17,84.69,85.49,84.31,85.17,80.25,286700
2018-04-18,85.29,85.75,84.4,84.47,79.59,441300
2018-04-19,84.31,84.59,83.55,84.23,79.36,327500
2018-04-20,84.42,84.59,83.66,83.9,79.05,238400
2018-04-23,84.1,84.69,83.96,84.41,79.53,305800
2018-04-24,84.57,85.47,84.18,85.29,80.36,580400
2018-04-25,85.11,85.67,84.44,85.31,80.38,342100
2018-04-26,85.42,86.79,84.95,86.79,81.77,347400
2018-04-27,86.62,88.12,86.62,87.41,82.36,303200
2018-04-30,87.61,87.87,86.81,86.89,81.87,692000
2018-05-01,86.81,87.01,86.34,86.83,81.81,487400
2018-05-02,86.91,86.97,86.02,86.97,81.94,402000
2018-05-03,86.6,88.24,86.12,88.06,82.97,607100
2018-05-04,88.42,89.94,87.78,89.73,84.54,483400
2018-05-07,89.81,89.81,88.74,88.86,83.72,698200
2018-05-08,88.3,88.3,87.28,87.75,82.68,608400
2018-05-09,87.74,88.0,86.85,87.68,82.61,517200
2018-05-10,88.34,88.69,88.12,88.6,83.48,376900
2018-05-11,88.75,88.77,87.83,88.25,83.15,402800
2018-05-14,88.38,88.38,87.09,87.46,82.4,533300
2018-05-15,87.21,87.42,86.21,86.56,81.56,414100
2018-05-16,86.85,87.14,85.58,85.88,80.92,442300
2018-05-17,85.92,86.39,85.33,85.39,80.45,374400
2018-05-18,85.17,85.59,84.53,84.91,80.46,393900
2018-05-21,85.17,85.54,84.65,85.26,80.79,273500
2018-05-22,85.3,86.57,85.3,86.21,81.69,545800
2018-05-23,86.38,87.44,86.21,86.97,82.41,305200
2018-05-24,86.92,87.63,86.73,87.49,82.9,411400
2018-05-25,87.71,88.2,87.46,87.75,83.15,369000
2018-05-29,87.5,88.83,87.1,88.39,83.76,693300
2018-05-30,88.33,90.66,88.18,89.98,85.26,769100
2018-05-31,90.01,90.78,89.12,89.21,84.53,1392700
2018-06-01,89.28,89.28,87.34,87.98,83.37,467000
2018-06-04,88.1,88.36,87.44,87.81,83.21,426700
2018-06-05,87.91,88.22,86.97,87.39,82.81,404100
2018-06-06,87.33,87.41,85.6,85.8,81.3,445800
2018-06-07,85.83,86.34,85.4,85.73,81.24,614700
2018-06-08,85.91,86.07,85.1,85.31,80.84,458900
2018-06-11,85.44,86.0,84.36,84.61,80.17,377200
2018-06-12,84.58,85.36,84.35,85.31,80.84,402400
2018-06-13,85.24,86.07,84.55,84.58,80.15,458000
2018-06-14,84.84,85.71,84.72,85.68,81.19,607700
2018-06-15,85.85,86.86,84.84,86.79,82.24,894100
2018-06-18,86.61,87.26,86.46,87.11,82.54,285700
2018-06-19,87.21,88.81,87.13,88.32,83.69,431400
2018-06-20,88.49,88.75,87.98,88.33,83.7,332700
2018-06-21,88.89,89.41,88.19,88.85,84.19,470400
2018-06-22,89.0,89.41,88.62,89.11,84.44,578900
2018-06-25,89.17,90.72,89.17,90.53,85.78,391100
2018-06-26,90.18,90.73,89.77,89.84,85.13,730200
2018-06-27,89.79,90.24,89.11,90.13,85.41,728800
2018-06-28,90.25,91.13,90.08,90.39,85.65,618200
2018-06-29,90.24,90.64,89.5,90.14,85.41,719800
2018-07-02,90.07,90.55,89.7,90.34,85.6,353200
2018-07-03,90.52,91.89,90.15,91.27,86.49,373600
2018-07-05,91.48,92.07,91.02,92.05,87.22,328000
2018-07-06,92.22,92.99,92.08,92.57,87.72,271100
2018-07-09,92.65,92.86,89.38,89.81,85.1,564400
2018-07-10,89.72,90.82,89.39,90.67,85.92,350600
2018-07-11,90.54,91.33,90.54,91.06,86.29,372500
2018-07-12,91.25,91.25,90.62,91.13,86.35,343900
2018-07-13,91.41,91.63,90.81,91.13,86.35,250800
2018-07-16,91.14,91.3,90.52,91.11,86.33,320000
2018-07-17,91.27,91.27,90.6,90.8,86.04,195500
2018-07-18,91.03,91.03,89.9,90.54,85.79,208600
2018-07-19,90.79,92.17,90.53,91.73,86.92,241500
2018-07-20,91.53,91.79,90.55,91.44,86.65,265300
2018-07-23,91.45,91.45,90.32,90.82,86.06,138200
2018-07-24,90.73,90.76,89.21,90.62,85.87,504200
2018-07-25,90.38,91.12,90.05,90.4,85.66,241200
2018-07-26,90.94,91.57,90.51,91.31,86.52,347400
2018-07-27,91.42,91.57,90.37,90.88,86.12,270500
2018-07-30,90.83,91.2,90.25,90.51,85.77,204400
2018-07-31,90.88,91.99,90.61,91.87,87.05,462700
2018-08-01,91.41,91.41,90.12,90.99,86.22,496200
2018-08-02,90.9,91.75,90.36,91.59,86.79,177900
2018-08-03,91.56,92.23,91.0,91.83,87.02,154900
2018-08-06,91.85,92.65,91.73,91.96,87.14,254600
2018-08-07,91.85,92.35,90.88,91.96,87.14,274600
2018-08-08,91.76,92.06,90.95,91.87,87.05,371700
2018-08-09,91.87,91.87,89.8,91.24,86.46,575900
2018-08-10,91.04,92.59,91.04,91.27,86.49,302900
2018-08-13,91.4,92.0,91.14,91.82,87.01,360200
2018-08-14,91.82,93.35,91.6,92.6,87.75,587800
2018-08-15,92.62,93.86,92.56,93.04,88.16,345200
2018-08-16,92.89,94.21,92.89,94.18,89.24,281300
2018-08-17,94.04,94.85,94.01,94.34,89.39,302800
2018-08-20,94.6,94.72,93.51,93.59,88.68,191900
2018-08-21,93.62,93.62,92.59,92.9,88.03,266500
2018-08-22,92.98,92.98,92.17,92.51,87.66,330300
2018-08-23,92.63,93.4,92.0,92.12,87.29,317000
2018-08-24,91.67,92.4,91.67,92.22,87.85,301500
2018-08-27,92.4,92.68,91.48,91.78,87.43,309300
2018-08-28,91.74,92.0,91.34,91.8,87.45,359400
2018-08-29,91.88,92.54,91.68,92.33,87.95,321000
2018-08-30,92.35,92.83,92.27,92.55,88.16,351500
2018-08-31,92.59,92.9,91.92,92.23,87.86,355200
2018-09-04,92.42,93.25,92.19,92.39,88.01,360900
2018-09-05,92.4,93.73,92.21,93.6,89.16,273300
2018-09-06,93.81,94.34,93.38,94.06,89.6,369000
2018-09-07,93.73,94.11,92.98,93.62,89.18,210500
2018-09-10,93.73,94.2,92.94,93.0,88.59,311200
2018-09-11,93.26,94.47,92.01,93.74,89.3,350800
2018-09-12,93.72,94.02,93.25,93.61,89.17,168900
2018-09-13,93.76,94.6,92.87,94.5,90.02,310900
2018-09-14,94.37,94.5,93.25,94.12,89.66,357200
2018-09-17,94.01,94.88,93.86,94.77,90.28,319900
2018-09-18,94.88,95.22,94.01,94.49,90.01,295600
2018-09-19,94.67,94.67,91.95,92.71,88.31,424100
2018-09-20,92.69,93.66,92.16,93.31,88.89,409300
2018-09-21,93.63,94.54,92.83,94.01,89.55,697000
2018-09-24,94.12,94.23,93.61,93.9,89.45,410400
2018-09-25,93.84,94.23,93.29,93.5,89.07,399500
2018-09-26,93.65,94.12,92.6,92.63,88.24,723800
2018-09-27,92.78,93.79,92.58,93.29,88.87,676900
2018-09-28,93.32,93.94,93.23,93.91,89.46,497000
2018-10-01,93.85,94.17,92.63,92.75,88.35,418900
2018-10-02,92.77,94.06,92.77,93.69,89.25,309600
2018-10-03,93.57,93.98,92.15,92.74,88.34,305800
2018-10-04,92.5,92.95,91.8,92.84,88.44,360000
2018-10-05,92.78,94.82,92.77,94.64,90.15,598600
2018-10-08,95.0,97.3,95.0,96.95,92.35,814800
2018-10-09,97.31,98.4,96.64,96.83,92.24,583400
2018-10-10,96.53,97.45,95.99,96.02,91.47,472700
2018-10-11,95.99,96.49,93.3,93.35,88.92,397700
2018-10-12,93.39,93.44,91.56,92.61,88.22,378700
2018-10-15,92.96,93.88,92.66,93.47,89.04,242500
2018-10-16,93.45,95.06,93.03,94.93,90.43,293100
2018-10-17,94.83,95.03,94.01,94.63,90.14,246900
2018-10-18,94.78,96.24,94.78,95.39,90.87,363400
2018-10-19,95.44,97.48,95.44,97.07,92.47,347400
2018-10-22,97.21,97.59,96.34,96.51,91.93,345700
2018-10-23,96.4,96.73,94.67,95.68,91.14,336700
2018-10-24,95.92,98.05,95.49,97.14,92.53,424500
2018-10-25,96.79,96.79,95.21,95.63,91.1,380000
2018-10-26,95.69,95.91,93.04,93.62,89.18,489300
2018-10-29,93.66,95.02,93.66,94.49,90.01,443800
2018-10-30,94.73,95.65,93.84,94.8,90.31,491600
2018-10-31,94.34,94.35,92.64,93.08,88.67,846800
2018-11-01,93.28,93.67,92.39,92.94,88.53,491300
2018-11-02,93.13,93.13,91.28,92.14,87.77,437000
2018-11-05,92.28,93.97,91.96,93.29,88.87,429000
2018-11-06,93.22,95.47,92.88,95.46,90.93,475400
2018-11-07,95.94,96.76,95.35,96.7,92.12,357400
2018-11-08,96.0,97.47,94.43,95.84,91.3,833100
2018-11-09,95.87,97.43,95.34,96.69,92.11,344100
2018-11-12,96.44,98.25,96.27,96.67,92.09,481100
2018-11-13,96.7,97.23,95.71,96.4,91.83,592200
2018-11-14,96.11,97.46,95.84,97.29,92.68,688600
2018-11-15,97.57,98.95,96.05,98.91,94.22,611100
2018-11-16,99.17,99.77,98.78,99.03,94.34,575500
2018-11-19,98.98,99.78,98.17,99.34,94.63,723900
2018-11-20,99.79,100.76,97.52,98.2,93.54,573400
2018-11-21,97.99,98.12,97.09,97.72,93.09,346100
2018-11-23,97.29,98.14,96.71,97.15,93.04,235600
2018-11-26,97.3,97.95,96.69,97.81,93.68,405300
2018-11-27,97.77,98.5,97.45,98.42,94.26,935000
2018-11-28,98.33,98.85,97.48,97.63,93.5,695200
2018-11-29,94.71,95.48,92.8,93.45,89.5,5175000
2018-11-30,94.0,95.7,93.61,95.67,91.63,2173500
2018-12-03,95.67,97.67,94.77,97.61,93.48,1095800
2018-12-04,98.2,98.79,97.12,97.56,93.44,1270000
2018-12-06,98.06,98.58,96.21,98.55,94.39,1422900
2018-12-07,98.46,99.26,97.9,98.79,94.62,983400
2018-12-10,98.59,98.84,96.37,98.45,94.29,726700
2018-12-11,98.51,99.12,97.93,98.5,94.34,997000
2018-12-12,98.97,99.62,98.38,98.59,94.42,739100
2018-12-13,98.63,99.8,98.52,99.5,95.3,1218400
2018-12-14,99.08,99.77,97.83,98.47,94.31,941400
2018-12-17,98.66,98.93,95.4,95.56,91.52,1355500
2018-12-18,95.85,96.24,94.21,94.52,90.53,1000800
2018-12-19,94.93,96.11,93.77,94.93,90.92,1008400
2018-12-20,94.93,96.62,94.03,95.1,91.08,891300
2018-12-21,94.94,97.2,94.37,94.46,90.47,2943500
2018-12-24,94.65,95.0,89.32,89.33,85.55,466200
2018-12-26,89.32,90.24,87.88,90.12,86.31,806500
2018-12-27,89.96,91.29,88.26,91.2,87.35,1287600
2018-12-28,91.44,92.38,90.72,91.66,87.79,546900
2018-12-31,91.76,92.87,91.01,92.72,88.8,716000
2019-01-02,92.29,92.85,89.19,89.85,86.05,815500
2019-01-03,89.87,91.53,89.77,90.53,86.7,628900
2019-01-04,90.17,92.13,90.17,91.69,87.82,466600
2019-01-07,91.47,92.12,90.68,91.02,87.17,569400
2019-01-08,90.97,92.32,90.95,92.21,88.31,1251800
2019-01-09,92.2,92.65,90.39,90.7,86.87,571600
2019-01-10,90.71,92.62,90.42,92.42,88.51,800100
2019-01-11,92.79,92.79,91.43,91.9,88.02,542000
2019-01-14,91.59,92.01,90.7,91.34,87.48,804000
2019-01-15,90.8,93.1,90.8,92.61,88.7,440200
2019-01-16,92.72,94.47,92.56,94.36,90.37,780400
2019-01-17,94.21,95.15,94.07,94.99,90.98,666600
2019-01-18,95.08,95.57,94.77,95.43,91.4,384200
2019-01-22,95.2,95.73,94.31,95.2,91.18,543900
2019-01-23,95.47,96.35,95.38,96.16,92.1,429500
2019-01-24,96.43,97.08,95.74,96.67,92.58,683300
2019-01-25,96.52,96.52,94.64,94.83,90.82,536400
2019-01-28,94.94,95.02,93.97,94.33,90.34,386700
2019-01-29,94.7,95.37,93.9,94.78,90.77,398200
2019-01-30,94.53,95.89,94.24,95.49,91.45,685900
2019-01-31,95.47,97.9,95.31,97.63,93.5,689600
2019-02-01,97.21,97.72,96.32,97.22,93.11,792800
2019-02-04,96.78,96.78,95.55,96.44,92.36,548900
2019-02-05,96.45,96.98,95.98,96.58,92.5,846200
2019-02-06,95.81,96.96,93.86,95.87,91.82,1088600
2019-02-07,95.65,97.05,94.52,97.03,92.93,594500
2019-02-08,97.32,98.44,97.1,97.97,93.83,782100
2019-02-11,96.31,96.96,95.66,96.85,92.76,2466300
2019-02-12,97.07,97.13,95.44,95.85,91.8,1774700
2019-02-13,95.6,96.79,95.09,96.59,92.51,1797600
2019-02-14,96.83,97.51,95.52,95.96,91.9,31583900
2019-02-15,96.24,97.26,96.24,97.05,92.95,2440400
2019-02-19,97.17,97.83,96.84,97.3,93.19,848500
2019-02-20,97.38,98.2,96.76,98.0,93.86,882100
2019-02-21,97.56,99.21,97.34,99.13,94.94,822400
2019-02-22,98.79,99.59,98.32,99.48,95.78,695400
2019-02-25,99.56,99.56,97.93,98.3,94.65,651100
2019-02-26,98.67,98.89,97.76,98.28,94.63,1013200
2019-02-27,97.88,99.16,97.78,98.86,95.19,1760600
2019-02-28,98.58,99.42,98.05,98.85,95.18,1139300
2019-03-01,99.01,99.41,98.16,98.9,95.22,642100
2019-03-04,99.85,99.89,98.31,99.87,96.16,975500
2019-03-05,99.95,100.27,99.15,99.37,95.68,836600
2019-03-06,99.46,99.76,99.05,99.49,95.79,734200
2019-03-07,99.75,100.32,99.14,99.46,95.76,587700
2019-03-08,99.5,100.2,99.26,100.16,96.44,563100
2019-03-11,100.02,100.56,99.76,100.56,96.82,709200
2019-03-12,100.57,101.44,100.28,101.4,97.63,677200
2019-03-13,101.5,102.25,101.26,101.81,98.03,883300
2019-03-14,101.87,102.44,101.36,101.5,97.73,632200
2019-03-15,101.31,102.25,101.29,101.51,97.74,2586500
2019-03-18,101.46,102.17,101.39,102.0,98.21,834100
2019-03-19,101.88,102.0,101.14,101.48,97.71,888800
2019-03-20,101.47,102.41,100.77,101.41,97.64,693900
2019-03-21,101.22,102.78,101.21,102.65,98.84,428700
2019-03-22,103.03,103.61,102.67,102.81,98.99,536100
2019-03-25,102.73,103.25,102.25,102.93,99.1,847300
2019-03-26,103.13,103.81,102.78,103.72,99.87,571500
2019-03-27,103.85,104.07,102.72,102.94,99.11,591100
2019-03-28,103.08,103.42,101.86,102.48,98.67,500600
2019-03-29,102.53,103.15,102.14,102.93,99.1,852300
2019-04-01,102.93,102.97,101.52,102.07,98.28,684400
2019-04-02,102.3,102.3,99.65,100.17,96.45,2501900
2019-04-03,100.36,101.64,99.49,101.51,97.74,827900
2019-04-04,101.7,101.7,100.19,100.64,96.9,541400
2019-04-05,100.65,101.56,100.25,101.53,97.76,598500
2019-04-08,101.41,101.45,100.76,100.92,97.17,453900
2019-04-09,100.91,101.2,100.41,100.58,96.84,430400
2019-04-10,100.79,101.46,100.28,100.43,96.7,433400
2019-04-11,100.46,100.79,100.03,100.69,96.95,429300
2019-04-12,100.41,101.38,99.99,101.19,97.43,404400
2019-04-15,101.48,101.71,100.85,101.11,97.35,332600
2019-04-16,101.2,101.58,99.84,100.17,96.45,761500
2019-04-17,100.11,100.11,99.09,99.44,95.74,462800
2019-04-18,99.57,99.92,99.13,99.18,95.49,754400
2019-04-22,99.08,99.31,98.66,99.07,95.39,398800
2019-04-23,99.37,100.08,99.14,99.57,95.87,1003800
2019-04-24,99.81,100.51,99.39,100.09,96.37,878600
2019-04-25,99.8,101.29,99.63,100.98,97.23,395000
2019-04-26,101.49,101.9,100.91,100.98,97.23,355400
2019-04-29,100.6,100.86,100.24,100.48,96.75,814600
2019-04-30,100.82,102.38,100.5,102.34,98.54,779900
2019-05-01,102.06,102.63,101.37,101.99,98.2,666600
2019-05-02,101.94,102.52,101.36,102.08,98.29,504900
2019-05-03,101.84,103.13,101.81,102.94,99.11,459100
2019-05-06,103.19,103.42,102.59,103.06,99.23,604900
2019-05-07,103.0,103.42,101.43,102.23,98.43,793200
2019-05-08,101.72,102.05,100.23,100.74,97.0,930400
2019-05-09,100.9,101.76,100.23,100.7,96.96,627300
2019-05-10,100.83,102.04,100.3,101.92,98.13,708700
2019-05-13,101.46,102.64,101.33,102.5,98.69,1166500
2019-05-14,102.43,102.56,101.27,101.44,97.67,787100
2019-05-15,101.52,101.67,100.71,100.74,97.0,725100
2019-05-16,100.55,102.07,100.38,101.65,97.87,670100
2019-05-17,101.69,103.37,101.54,102.66,98.84,2563400
2019-05-20,102.84,103.34,102.4,102.85,99.03,985200
2019-05-21,102.83,103.28,102.0,102.06,98.27,717100
2019-05-22,102.25,102.93,101.9,102.89,99.07,579100
2019-05-23,102.93,103.48,102.27,103.36,99.52,773300
2019-05-24,103.03,103.35,102.63,102.81,99.49,664200
2019-05-28,102.99,103.05,101.38,101.51,98.24,1327100
2019-05-29,101.8,101.8,100.28,100.74,97.49,965100
2019-05-30,100.3,101.27,100.3,100.64,97.39,729600
2019-05-31,100.72,101.85,100.32,101.8,98.52,761700
2019-06-03,102.05,103.01,101.38,102.87,99.55,589700
2019-06-04,103.04,103.04,99.97,101.55,98.28,931600
2019-06-05,102.05,104.22,101.57,103.84,100.49,733300
2019-06-06,103.88,104.79,103.6,104.22,100.86,609600
2019-06-07,104.69,105.19,104.1,104.21,100.85,554100
2019-06-10,103.79,103.79,102.68,103.12,99.79,475400
2019-06-11,103.14,103.83,102.09,102.62,99.31,477100
2019-06-12,102.81,104.41,102.81,104.33,100.97,431800
2019-06-13,104.59,105.0,104.13,104.54,101.17,421400
2019-06-14,104.62,105.19,104.53,104.99,101.6,396300
2019-06-17,104.96,105.28,104.16,104.75,101.37,312600
2019-06-18,105.48,105.51,103.87,104.68,101.3,550800
2019-06-19,104.28,105.88,104.1,105.68,102.27,634200
2019-06-20,106.13,106.24,104.71,105.9,102.49,391400
2019-06-21,105.9,107.56,105.06,107.46,103.99,1821100
2019-06-24,107.3,108.01,106.67,107.02,103.57,915500
2019-06-25,107.32,108.46,107.11,107.93,104.45,814200
2019-06-26,107.63,107.84,104.07,104.08,100.72,832300
2019-06-27,104.32,104.91,104.0,104.83,101.45,573800
2019-06-28,104.68,105.68,104.68,105.56,102.16,768900
2019-07-01,105.71,105.84,104.18,105.27,101.88,744300
2019-07-02,105.71,106.69,105.61,106.54,103.1,635400
2019-07-03,106.96,107.86,106.77,107.32,103.86,379900
2019-07-05,106.55,107.17,105.52,107.11,103.66,305600
2019-07-08,107.27,107.59,106.19,106.81,103.37,445200
2019-07-09,106.67,107.02,105.94,106.98,103.53,669400
2019-07-10,107.02,107.89,106.76,106.81,103.37,441400
2019-07-11,106.76,107.43,106.34,107.0,103.55,506400
2019-07-12,106.91,107.01,105.98,106.46,103.03,361900
2019-07-15,107.26,107.63,106.39,107.26,103.8,630200
2019-07-16,107.23,107.41,106.37,107.1,103.65,567200
2019-07-17,107.51,108.15,107.42,107.92,104.44,704100
2019-07-18,108.09,108.59,107.25,108.41,104.91,541300
2019-07-19,108.29,108.83,107.26,107.27,103.81,710900
2019-07-22,107.6,107.95,106.67,107.44,103.98,549900
2019-07-23,107.64,108.03,106.9,107.63,104.16,579200
2019-07-24,108.14,108.14,106.56,107.64,104.17,842100
2019-07-25,107.61,108.28,106.87,107.11,103.66,504400
2019-07-26,107.05,108.53,107.05,108.13,104.64,505200
2019-07-29,108.5,109.18,108.09,108.87,105.36,525700
2019-07-30,108.73,109.96,108.2,108.87,105.36,579300
2019-07-31,108.97,110.06,108.23,109.04,105.52,1061800
2019-08-01,109.08,110.45,108.73,110.04,106.49,837200
2019-08-02,110.29,110.93,109.46,109.63,106.09,631900
2019-08-05,109.73,110.1,106.34,106.94,103.49,881400
2019-08-06,107.18,108.75,105.78,108.35,104.86,762700
2019-08-07,108.54,108.8,106.73,107.93,104.45,759900
2019-08-08,107.03,109.58,105.7,109.43,105.9,856000
2019-08-09,109.29,109.7,108.48,108.56,105.06,581800
2019-08-12,108.89,109.23,108.13,108.9,105.39,311400
2019-08-13,108.78,109.45,108.2,109.09,105.57,560900
2019-08-14,109.24,109.79,107.97,108.3,104.81,758800
2019-08-15,108.34,109.76,107.72,109.37,105.84,653600
2019-08-16,109.73,110.63,109.41,110.44,106.88,689900
2019-08-19,110.39,111.43,109.77,110.88,107.3,629500
2019-08-20,111.19,111.21,110.07,110.21,106.66,565800
2019-08-21,110.15,111.14,109.89,111.08,107.5,340900
2019-08-22,111.11,111.58,110.27,111.2,107.61,485300
2019-08-23,110.92,111.17,108.19,108.63,105.63,570100
2019-08-26,108.65,109.5,108.15,109.25,106.23,552800
2019-08-27,109.75,109.96,107.79,108.04,105.05,1022500
2019-08-28,108.1,108.4,107.25,108.28,105.29,1275300
2019-08-29,108.88,110.06,108.49,109.98,106.94,710300
2019-08-30,110.28,110.67,109.47,110.23,107.18,624900
2019-09-03,110.12,111.77,109.68,111.77,108.68,1121600
2019-09-04,111.9,111.9,110.39,110.96,107.89,1000300
2019-09-05,110.21,110.4,109.4,109.68,106.65,753700
2019-09-06,110.07,110.24,108.51,109.09,106.07,688600
2019-09-09,108.4,108.7,107.48,107.74,104.76,925500
2019-09-10,107.95,108.8,107.14,108.8,105.79,657900
2019-09-11,108.83,110.16,108.34,109.57,106.54,984600
2019-09-12,110.53,110.92,109.34,109.44,106.41,651400
2019-09-13,108.77,109.97,108.71,109.73,106.7,488500
2019-09-16,110.05,110.21,109.39,110.11,107.06,345900
2019-09-17,110.14,111.35,109.21,110.96,107.89,762100
2019-09-18,111.44,112.43,111.36,111.8,108.71,900900
2019-09-19,112.4,112.66,111.74,112.28,109.17,411900
2019-09-20,112.7,113.31,112.09,112.98,109.86,1216100
2019-09-23,112.9,113.41,112.55,112.59,109.48,524900
2019-09-24,112.96,114.7,112.85,114.29,111.13,974800
2019-09-25,114.13,115.19,113.63,114.42,111.26,1300300
2019-09-26,114.67,115.09,114.21,114.65,111.48,724000
2019-09-27,114.3,114.88,113.26,114.05,110.9,748600
2019-09-30,114.1,114.58,113.66,113.89,110.74,660000
2019-10-01,113.72,114.19,112.94,112.98,109.86,760600
2019-10-02,112.79,113.0,111.17,111.5,108.42,557800
2019-10-03,111.54,111.88,110.82,111.79,108.7,509200
2019-10-04,112.1,113.18,111.51,113.14,110.01,413400
2019-10-07,112.77,113.06,112.1,112.69,109.57,419700
2019-10-08,112.59,112.59,111.2,111.24,108.16,440800
2019-10-09,111.55,111.65,110.9,111.32,108.24,615700
2019-10-10,111.04,111.58,110.41,110.85,107.78,615400
2019-10-11,111.06,112.02,110.51,111.36,108.28,444000
2019-10-14,112.37,112.42,111.07,111.36,108.28,719200
2019-10-15,111.04,111.69,109.82,109.99,106.95,693100
2019-10-16,109.9,111.11,109.16,111.11,108.04,1272400
2019-10-17,110.96,112.05,110.6,111.84,108.75,548600
2019-10-18,111.2,111.91,110.68,111.6,108.51,732100
2019-10-21,111.6,111.95,111.06,111.88,108.79,615500
2019-10-22,112.12,112.93,112.11,112.33,109.22,497300
2019-10-23,112.42,113.22,112.24,113.01,109.88,529100
2019-10-24,112.92,113.62,112.71,113.42,110.28,447700
2019-10-25,113.62,113.65,111.66,112.3,109.19,455700
2019-10-28,112.02,112.37,110.86,110.94,107.87,571300
2019-10-29,111.1,111.56,110.46,111.56,108.47,1206000
2019-10-30,111.31,112.42,110.94,112.33,109.22,536800
2019-10-31,112.45,112.83,111.75,112.48,109.37,917300
2019-11-01,112.34,112.82,111.31,111.7,108.61,508000
2019-11-04,111.55,111.8,109.07,109.49,106.46,827300
2019-11-05,109.03,109.23,107.57,107.92,104.94,1032900
2019-11-06,108.05,109.13,107.78,108.77,105.76,786800
2019-11-07,108.56,109.73,107.11,108.18,105.19,1216600
2019-11-08,107.77,108.53,106.8,107.32,104.35,953400
2019-11-11,107.47,107.74,106.76,107.51,104.54,520300
2019-11-12,107.45,107.53,106.72,107.0,104.04,841100
2019-11-13,107.21,109.57,106.89,109.12,106.1,874400
2019-11-14,109.49,109.86,108.85,109.57,106.54,789400
2019-11-15,109.58,109.75,109.21,109.49,106.46,727200
2019-11-18,109.57,110.64,109.05,109.29,106.27,963100
2019-11-19,109.33,109.56,108.62,108.64,105.64,662300
2019-11-20,108.38,108.93,108.21,108.79,105.78,557000
2019-11-21,108.85,108.86,107.42,108.04,105.05,671500
2019-11-22,107.41,107.72,106.39,107.32,104.91,651900
2019-11-25,107.35,107.65,106.64,106.76,104.36,767300
2019-11-26,106.9,107.83,106.67,107.29,104.88,1208500
2019-11-27,106.95,107.02,106.09,106.92,104.52,1513100
2019-11-29,107.3,107.72,106.88,106.96,104.56,503900
2019-12-02,106.54,106.93,105.68,105.76,103.39,981700
2019-12-03,106.18,106.54,105.13,105.47,103.1,773600
2019-12-04,106.36,107.17,106.03,106.99,104.59,1114300
2019-12-05,106.47,106.85,106.01,106.76,104.36,698800
2019-12-06,106.61,107.26,106.4,106.52,104.13,634200
2019-12-09,106.74,107.03,105.85,106.31,103.92,669100
2019-12-10,106.5,106.88,106.14,106.75,104.35,637800
2019-12-11,106.97,107.46,106.58,107.2,104.79,770900
2019-12-12,107.05,107.11,105.95,106.51,104.12,676900
2019-12-13,106.5,107.21,105.96,107.05,104.65,720200
2019-12-16,106.97,108.5,106.9,108.43,106.0,767700
2019-12-17,108.66,109.61,108.47,108.65,106.21,720600
2019-12-18,108.5,110.39,108.07,110.15,107.68,1362200
2019-12-19,109.85,110.87,109.85,110.81,108.32,1183200
2019-12-20,111.0,112.82,110.65,112.26,109.74,1802000
2019-12-23,112.36,112.36,110.88,111.11,108.62,698700
2019-12-24,111.17,111.23,110.25,110.58,108.1,179800
2019-12-26,110.93,110.98,110.12,110.5,108.02,450500
2019-12-27,110.54,110.59,109.98,110.13,107.66,648600
2019-12-30,109.95,110.48,109.75,110.47,107.99,500700
2019-12-31,110.44,111.88,110.38,111.86,109.35,637900
2020-01-02,112.04,112.04,109.42,110.38,107.9,906900
2020-01-03,110.06,111.32,110.06,111.11,108.62,724200
2020-01-06,110.96,111.68,110.89,110.96,108.47,822900
2020-01-07,112.0,112.02,110.43,111.7,109.19,875500
2020-01-08,111.71,111.71,110.66,110.74,108.25,905100
2020-01-09,110.58,111.51,110.55,111.1,108.61,834600
2020-01-10,111.38,111.79,111.19,111.39,108.89,543400
2020-01-13,111.4,112.82,111.4,112.54,110.01,403400
2020-01-14,112.61,112.88,112.09,112.81,110.28,601400
2020-01-15,113.02,113.97,112.98,113.75,111.2,561900
2020-01-16,114.03,114.96,113.74,114.71,112.13,785000
2020-01-17,114.8,115.09,114.04,114.98,112.4,602100
2020-01-21,115.14,116.11,114.55,115.92,113.32,925500
2020-01-22,116.66,116.73,115.72,116.09,113.48,690900
2020-01-23,116.04,116.93,115.88,116.88,114.26,672300
2020-01-24,117.06,117.66,116.59,117.38,114.74,699400
2020-01-27,117.17,117.98,115.93,116.39,113.78,1026800
2020-01-28,116.54,117.84,116.05,116.31,113.7,599000
2020-01-29,116.31,116.64,115.64,116.31,113.7,607700
2020-01-30,116.24,117.52,115.91,117.38,114.74,577200
2020-01-31,116.97,117.73,115.82,117.03,114.4,3787700
2020-02-03,117.4,118.74,117.0,118.67,116.01,1290100
2020-02-04,118.5,119.2,117.22,117.22,114.59,974000
2020-02-05,116.52,118.96,115.0,118.28,115.62,1167600
2020-02-06,118.62,118.62,117.13,117.66,115.02,1362900
2020-02-07,117.81,118.14,117.15,117.59,114.95,817300
2020-02-10,117.92,118.35,117.69,118.31,115.65,656400
2020-02-11,118.62,119.68,118.48,119.36,116.68,502100
2020-02-12,118.88,119.22,117.67,117.94,115.29,957200
2020-02-13,117.93,119.56,117.82,119.5,116.82,618900
2020-02-14,118.83,120.53,117.2,120.45,117.75,1290800
2020-02-18,120.66,121.08,120.26,120.57,117.86,939300
2020-02-19,120.47,120.48,119.6,119.6,116.91,693800
2020-02-20,119.74,119.78,118.84,119.23,116.55,894500
2020-02-21,118.82,119.64,118.53,118.7,116.6,967000
2020-02-24,117.93,118.28,116.09,116.22,114.16,967100
2020-02-25,116.62,117.1,113.69,113.74,111.72,830200
2020-02-26,113.98,115.24,112.05,112.09,110.1,1023200
2020-02-27,111.77,113.12,107.2,107.2,105.3,1163000
2020-02-28,104.83,105.66,101.73,103.25,101.42,2349500
2020-03-02,103.71,108.31,103.31,107.89,105.98,1877500
2020-03-03,107.62,109.37,105.69,106.54,104.65,1146700
2020-03-04,107.94,113.15,107.94,112.9,110.9,1106300
2020-03-05,111.02,111.9,110.19,111.13,109.16,1204600
2020-03-06,107.6,111.67,106.5,111.25,109.28,1557800
2020-03-09,107.11,107.47,103.33,105.13,103.27,1519800
2020-03-10,106.86,107.31,101.16,105.43,103.56,1418500
2020-03-11,103.2,103.93,100.53,102.85,101.03,1295900
2020-03-12,96.13,102.73,90.51,94.68,93.0,1667100
2020-03-13,98.81,100.67,93.55,100.67,98.89,1463000
2020-03-16,92.87,97.98,91.17,93.68,92.02,1546200
2020-03-17,96.2,108.33,95.79,108.09,106.18,1887700
2020-03-18,102.64,109.94,95.26,105.84,103.96,1574400
2020-03-19,106.38,106.38,92.18,98.51,96.76,1472900
2020-03-20,98.85,99.01,85.56,86.2,84.67,1884000
2020-03-23,85.52,85.57,77.92,80.5,79.07,1491700
2020-03-24,83.2,89.3,81.21,88.59,87.02,1351700
2020-03-25,87.93,93.79,79.48,90.3,88.7,1183500
2020-03-26,90.19,97.08,90.19,96.27,94.56,810100
2020-03-27,92.78,100.42,91.21,97.41,95.68,879600
2020-03-30,98.52,103.38,97.86,102.82,101.0,1058000
2020-03-31,101.64,102.26,98.56,99.23,97.47,944000
2020-04-01,95.6,100.03,92.33,94.64,92.96,999500
2020-04-02,93.52,98.58,93.52,97.37,95.65,565400
2020-04-03,95.92,97.16,93.01,94.16,92.49,684200
2020-04-06,97.82,104.95,97.74,103.63,101.79,794900
2020-04-07,105.96,105.96,98.08,98.42,96.68,1085000
2020-04-08,99.3,103.42,97.77,102.65,100.83,822000
2020-04-09,103.96,108.41,103.41,105.2,103.34,1263800
2020-04-13,104.03,104.8,101.8,103.27,101.44,639700
2020-04-14,105.68,108.65,104.37,108.11,106.19,791100
2020-04-15,106.21,107.62,105.4,106.35,104.47,819500
2020-04-16,106.64,107.3,103.65,105.09,103.23,622000
2020-04-17,106.65,111.34,105.73,110.7,108.74,1061100
2020-04-20,108.89,109.41,102.12,102.53,100.71,764800
2020-04-21,100.57,103.28,100.29,100.79,99.0,575000
2020-04-22,102.76,103.25,101.4,102.32,100.51,514300
2020-04-23,103.18,103.27,100.42,101.33,99.53,875200
2020-04-24,102.64,104.72,101.16,104.41,102.56,881800
2020-04-27,105.06,106.1,103.74,105.55,103.68,730500
2020-04-28,106.76,107.92,105.02,107.15,105.25,917400
2020-04-29,109.26,109.26,104.25,104.86,103.0,735300
2020-04-30,104.47,104.99,101.28,101.97,100.16,1322200
2020-05-01,101.11,101.11,98.82,100.1,98.33,626700
2020-05-04,99.67,100.98,98.67,100.75,98.97,885300
2020-05-05,101.64,102.95,101.11,101.77,99.97,952800
2020-05-06,102.15,102.15,96.09,96.55,94.84,1122300
2020-05-07,98.13,101.29,96.1,96.38,94.67,1119000
2020-05-08,97.39,97.87,96.16,97.33,95.61,868200
2020-05-11,96.61,97.67,94.64,96.78,95.07,1321700
2020-05-12,97.04,97.5,95.91,96.37,94.66,951100
2020-05-13,95.89,96.63,94.91,96.44,94.73,865100
2020-05-14,95.32,95.77,92.51,94.89,93.21,991400
2020-05-15,94.13,95.75,91.28,95.11,93.43,3166400
2020-05-18,98.49,99.26,97.34,98.52,96.77,793200
2020-05-19,97.81,99.55,96.24,96.3,94.59,805900
2020-05-20,97.81,100.33,97.48,99.41,97.65,1128600
2020-05-21,99.02,100.04,97.69,97.78,96.05,642300
2020-05-22,97.4,98.38,97.29,98.33,97.16,602600
2020-05-26,99.57,100.39,97.39,97.6,96.44,611800
2020-05-27,99.43,99.61,97.06,99.18,98.0,772000
2020-05-28,100.9,102.58,100.75,101.68,100.47,810600
2020-05-29,100.99,103.99,100.57,102.78,101.56,3602100
2020-06-01,103.19,103.87,102.07,102.95,101.72,861300
2020-06-02,103.68,103.78,102.32,103.25,102.02,718900
2020-06-03,103.68,105.77,103.32,104.76,103.51,785500
2020-06-04,103.96,104.61,101.84,104.22,102.98,1876500
2020-06-05,104.8,105.68,103.98,104.53,103.29,1391600
2020-06-08,104.4,106.49,103.28,106.03,104.77,838200
2020-06-09,105.23,105.23,102.92,104.32,103.08,628700
2020-06-10,103.97,105.17,103.36,103.74,102.5,570100
2020-06-11,102.0,102.6,98.33,99.27,98.09,1073500
2020-06-12,101.71,101.71,98.97,100.43,99.23,946200
2020-06-15,98.24,101.75,97.72,101.08,99.88,1540100
2020-06-16,103.67,104.82,101.58,102.26,101.04,1206700
2020-06-17,102.49,102.79,100.53,101.18,99.98,569900
2020-06-18,100.33,102.2,100.33,101.45,100.24,564400
2020-06-19,102.97,103.31,99.48,99.72,98.53,2081700
2020-06-22,99.14,100.57,98.4,100.12,98.93,670400
2020-06-23,101.26,101.52,98.49,98.84,97.66,1040100
2020-06-24,98.02,99.04,97.05,98.96,97.78,1549000
2020-06-25,98.46,98.68,95.3,97.07,95.91,1119900
2020-06-26,97.15,98.29,96.1,97.46,96.3,2046600
2020-06-29,98.11,98.56,96.79,98.38,97.21,726000
2020-06-30,98.46,100.31,98.24,99.58,98.39,926600
2020-07-01,99.75,101.34,99.75,100.69,99.49,606200
2020-07-02,101.19,102.17,100.86,101.18,99.98,405800
2020-07-06,102.1,102.88,100.73,101.24,100.03,730000
2020-07-07,100.37,101.07,99.67,100.07,98.88,655000
2020-07-08,100.02,100.36,98.69,99.38,98.2,619200
2020-07-09,98.72,98.8,97.08,97.69,96.53,819000
2020-07-10,97.69,99.73,97.56,99.09,97.91,498300
2020-07-13,99.59,100.68,99.02,99.69,98.5,743200
2020-07-14,99.75,101.04,99.2,100.43,99.23,764400
2020-07-15,101.38,102.37,100.47,100.64,99.44,667700
2020-07-16,100.63,101.33,100.09,100.55,99.35,555700
2020-07-17,101.03,101.66,100.46,101.06,99.86,645500
2020-07-20,100.81,101.32,99.48,99.81,98.62,920000
2020-07-21,100.42,102.32,99.88,102.15,100.93,681300
2020-07-22,101.83,104.35,101.26,104.03,102.79,697400
2020-07-23,104.05,104.5,102.95,103.7,102.47,800600
2020-07-24,104.16,104.8,102.48,103.0,101.77,648800
2020-07-27,102.98,103.74,102.21,102.57,101.35,641400
2020-07-28,102.2,105.14,102.2,104.6,103.35,819100
2020-07-29,105.03,105.98,105.03,105.66,104.4,910400
2020-07-30,104.81,105.77,104.7,105.42,104.16,566100
2020-07-31,105.32,106.67,104.64,105.99,104.73,1333400
2020-08-03,105.61,105.65,104.05,105.31,104.06,543700
2020-08-04,104.13,105.61,104.12,104.81,103.56,754600
2020-08-05,104.8,105.98,103.25,103.69,102.46,1048200
2020-08-06,106.1,106.1,103.35,104.7,103.45,717700
2020-08-07,103.89,106.61,103.89,105.71,104.45,567500
2020-08-10,106.43,107.02,105.58,106.04,104.78,561000
2020-08-11,106.67,106.67,103.3,103.53,102.3,695800
2020-08-12,104.1,106.0,104.05,104.96,103.71,876000
2020-08-13,104.46,105.08,103.84,104.62,103.37,658200
2020-08-14,104.73,105.22,103.52,104.5,103.26,986100
2020-08-17,104.51,105.07,103.98,104.12,102.88,1075200
2020-08-18,103.85,104.29,102.94,103.0,101.77,846800
2020-08-19,103.28,103.71,102.3,102.64,101.42,1088100
2020-08-20,102.21,103.01,101.61,101.7,100.49,811700
2020-08-21,101.18,101.2,99.08,100.84,100.21,1912400
2020-08-24,100.86,101.92,99.59,101.91,101.27,543300
2020-08-25,102.24,102.24,99.72,100.44,99.81,463600
2020-08-26,100.12,100.12,98.5,99.3,98.68,570600
2020-08-27,99.82,100.18,98.53,98.98,98.36,580900
2020-08-28,99.39,99.65,98.06,99.58,98.95,582400
2020-08-31,99.51,100.21,99.12,99.82,99.19,636800
2020-09-01,99.42,99.42,97.14,97.43,96.82,839000
2020-09-02,97.51,99.03,97.16,98.43,97.81,1160100
2020-09-03,98.95,99.93,97.38,98.09,97.47,909800
2020-09-04,98.5,98.63,96.47,97.22,96.61,788900
2020-09-08,97.63,97.63,95.12,96.12,95.52,939300
2020-09-09,96.69,97.71,96.32,96.65,96.04,681700
2020-09-10,96.45,96.45,94.26,94.27,93.68,645500
2020-09-11,94.56,94.56,92.75,93.21,92.62,681600
2020-09-14,93.96,94.2,93.04,93.32,92.73,772900
2020-09-15,93.64,94.59,91.9,92.35,91.77,1081100
2020-09-16,92.5,94.5,92.11,93.89,93.3,1320200
2020-09-17,93.83,94.19,92.96,93.42,92.83,690100
2020-09-18,93.19,93.67,91.8,92.0,91.42,1570700
2020-09-21,91.24,92.48,90.49,92.27,91.69,1218700
2020-09-22,92.33,94.29,92.23,93.72,93.13,929900
2020-09-23,93.58,94.16,92.72,92.87,92.29,856800
2020-09-24,92.81,94.22,92.51,93.59,93.0,716200
2020-09-25,93.23,95.51,92.89,95.25,94.65,956900
2020-09-28,95.3,95.76,94.65,95.04,94.44,550200
2020-09-29,95.17,95.93,94.89,95.1,94.5,927300
2020-09-30,95.82,95.95,94.69,95.59,94.99,691000
2020-10-01,95.61,96.34,94.82,95.47,94.87,1124600
2020-10-02,94.95,97.0,94.59,96.02,95.42,1090700
2020-10-05,96.59,96.59,94.95,95.22,94.62,1040800
2020-10-06,95.36,97.87,95.36,96.98,96.37,863000
2020-10-07,97.07,97.42,95.62,96.38,95.77,955300
2020-10-08,96.7,97.28,96.2,96.79,96.18,989900
2020-10-09,97.4,97.8,95.99,96.51,95.9,1258800
2020-10-12,96.31,97.27,96.11,96.61,96.0,896700
2020-10-13,96.32,96.43,94.31,95.41,94.81,669400
2020-10-14,95.32,96.05,94.49,95.04,94.44,682500
2020-10-15,94.41,95.44,93.43,94.5,93.91,967600
2020-10-16,94.37,95.07,93.42,94.49,93.9,923200
2020-10-19,94.76,95.01,93.9,94.24,93.65,557100
2020-10-20,94.41,94.7,93.11,94.28,93.69,658000
2020-10-21,94.28,96.9,94.03,95.54,94.94,1079500
2020-10-22,95.56,97.1,95.35,96.64,96.03,808400
2020-10-23,97.26,98.19,96.96,97.69,97.08,593400
2020-10-26,97.19,97.81,96.66,97.48,96.87,768000
2020-10-27,97.66,98.17,97.03,97.07,96.46,704000
2020-10-28,96.07,96.65,92.62,92.69,92.11,837600
2020-10-29,92.4,93.37,90.66,92.08,91.5,704100
2020-10-30,91.57,92.22,91.05,91.67,91.09,1483000
2020-11-02,92.51,95.6,92.37,95.51,94.91,865800
2020-11-03,96.7,98.4,96.43,97.63,97.02,759500
2020-11-04,97.0,98.59,95.49,95.59,94.99,672200
2020-11-05,96.62,97.55,94.52,95.02,94.42,673400
2020-11-06,95.46,95.69,93.32,93.64,93.05,507200
2020-11-09,98.0,99.61,96.64,97.79,97.18,808500
2020-11-10,98.24,102.95,97.92,102.45,101.81,1369300
2020-11-11,102.68,102.68,99.82,100.74,100.11,1077300
2020-11-12,99.89,100.73,97.45,98.72,98.1,1243200
2020-11-13,99.43,102.74,99.24,102.16,101.52,958300
2020-11-16,103.57,103.66,100.9,101.28,100.64,1641800
2020-11-17,100.56,101.41,99.89,100.05,99.42,1159400
2020-11-18,100.61,100.83,95.83,96.17,95.57,1152400
2020-11-19,96.55,96.79,93.04,95.1,94.5,1375200
2020-11-20,95.21,96.46,94.36,95.67,95.07,1458100
2020-11-23,96.16,97.16,95.98,96.86,96.25,935400
2020-11-24,97.8,101.3,97.52,100.28,99.65,1486600
2020-11-25,100.42,100.42,98.36,99.41,98.79,795200
2020-11-27,98.72,99.01,96.64,96.82,96.82,307900
